1005
595 596 25
648 557 41
750 325 509
872 210 370
45 706 144
697 432 426
832 212 880
698 789 309
381 567 473
895 136 231
411 423 507
943 215 78
312 317 782
566 243 688
338 341 529
669 189 909
459 871 14
385 797 470
399 902 303
505 624 717
780 886 145
632 762 329
105 462 949
717 167 235
546 663 785
185 391 856
909 818 656
972 510 218
155 675 707
978 148 980
665 748 204
259 202 562
924 240 820
640 427 366
334 951 487
941 245 514
471 548 98
966 879 96
317 348 959
561 442 528
624 604 901
412 114 698
988 748 604
836 907 970
34 310 17
903 959 923
713 224 10
549 225 713
907 150 415
777 269 679
712 480 874
800 756 842
849 525 290
422 47 53
990 35 261
769 157 916
883 885 160
426 989 975
230 718 511
743 26 351
107 40 864
18 593 777
830 336 33
841 290 158
56 244 694
753 393 468
564 17 200
363 880 82
470 7 263
652 599 843
370 483 389
574 682 768
579 697 316
9 831 879
79 619 314
168 159 165
71 23 870
860 132 495
398 563 452
571 579 127
119 191 237
599 361 256
596 398 751
808 966 859
248 882 756
15 341 386
110 485 751
164 645 595
891 872 449
128 804 560
438 821 391
408 144 537
40 45 53
771 953 591
479 820 983
280 147 949
461 416 916
729 574 729
318 432 865
636 348 758
557 131 296
68 360 284
589 143 101
230 131 71
820 707 136
101 394 567
72 103 363
813 126 681
28 215 83
210 663 299
621 125 551
523 270 720
416 1 46
171 322 394
194 74 827
693 3 72
712 970 225
987 803 563
750 953 920
318 536 694
308 869 791
907 45 678
315 995 825
462 532 975
345 486 150
381 698 430
85 608 384
57 541 259
46 803 590
142 359 182
10 853 827
349 257 354
77 907 903
21 810 734
733 836 383
296 336 327
443 255 417
189 876 643
873 30 808
343 643 250
638 554 89
981 101 429
659 330 265
998 261 35
384 744 488
950 544 417
397 306 520
556 134 791
220 272 139
978 733 863
99 150 94
939 469 501
554 939 285
34 172 192
61 258 151
560 922 293
598 853 132
171 906 233
255 608 761
834 296 47
121 327 692
158 994 388
754 726 537
364 330 172
662 370 398
172 115 16
354 365 317
377 52 965
315 748 119
482 459 146
376 240 35
607 751 760
756 960 144
595 23 810
69 469 956
518 911 527
420 492 910
688 546 721
3 461 798
540 302 876
198 804 997
275 774 753
896 689 376
756 636 604
552 466 212
150 412 755
73 941 96
924 177 186
337 704 215
870 763 180
739 780 325
178 205 559
151 969 149
395 825 590
460 44 824
630 139 899
647 746 655
401 919 56
985 105 56
790 160 976
173 611 708
39 363 340
812 800 686
351 766 595
994 656 148
168 745 313
214 191 56
733 981 165
355 862 266
121 967 155
559 663 563
405 251 56
216 845 680
86 418 355
423 418 490
546 149 704
246 421 239
818 742 844
781 463 139
259 433 634
684 718 434
929 593 621
965 853 385
59 878 164
12 928 18
391 695 746
292 157 180
677 865 582
893 219 427
244 996 120
510 585 108
989 370 719
496 324 337
115 839 175
369 511 160
395 904 334
482 279 148
432 723 248
437 988 447
828 950 833
122 707 974
901 180 263
62 317 675
49 259 194
333 398 947
136 494 888
397 42 253
545 337 486
510 114 341
322 973 245
604 113 231
95 382 305
997 923 62
423 415 766
756 484 544
435 181 460
105 285 927
923 557 862
881 755 465
591 218 183
491 648 102
366 884 75
24 344 227
12 357 224
121 190 163
655 516 518
613 776 203
380 444 274
920 81 839
188 986 159
935 15 161
397 972 139
505 740 622
103 250 946
761 10 604
870 326 813
285 159 829
646 731 334
346 83 459
698 341 905
459 420 884
79 516 137
786 667 257
504 972 123
768 161 128
122 285 190
831 738 675
740 136 857
447 974 917
294 162 774
743 914 824
708 501 255
481 151 555
1000 174 97
579 219 441
79 997 265
327 906 432
821 873 789
660 624 964
62 750 735
526 710 263
392 49 270
386 32 1000
729 824 610
683 564 727
262 501 122
898 333 562
572 539 974
897 419 661
261 389 149
832 122 680
638 782 928
807 151 752
483 106 484
358 243 430
812 232 192
960 120 174
247 833 792
872 274 629
677 127 837
431 274 416
187 350 602
32 39 324
660 471 128
809 553 474
139 349 733
30 882 467
409 762 583
545 918 449
788 540 790
247 881 285
199 639 975
510 30 827
200 740 950
67 565 930
963 815 837
500 558 817
771 885 253
440 775 910
674 422 835
600 725 802
345 856 473
463 270 991
302 734 743
981 363 918
842 680 149
739 277 548
547 25 806
719 697 755
556 714 492
603 379 760
281 377 445
608 540 296
261 4 215
362 704 850
643 461 782
912 335 261
18 862 470
198 366 378
476 425 719
13 477 561
509 451 589
525 981 834
928 90 591
659 780 869
577 772 457
30 1 513
940 656 579
364 525 545
870 242 931
564 619 847
485 633 431
545 701 353
293 23 992
748 535 536
229 193 668
23 45 528
758 422 463
2 11 30
316 883 100
505 881 615
758 529 172
519 156 20
526 643 481
968 709 619
874 998 943
245 649 358
709 92 406
732 137 162
779 451 186
83 862 599
128 793 125
558 176 905
760 364 971
854 805 146
798 306 968
550 709 37
277 195 95
913 836 128
355 39 433
170 571 882
511 189 271
202 742 976
815 1000 239
745 667 991
215 162 470
325 850 342
237 255 746
829 600 817
74 75 950
555 631 422
676 102 976
231 554 901
501 108 453
741 89 165
996 766 718
578 131 132
649 295 997
301 202 691
284 231 212
209 537 351
945 441 412
395 843 775
222 567 33
720 776 936
579 275 288
382 830 57
491 529 966
650 871 522
50 652 112
447 1000 602
798 842 937
195 810 520
496 931 20
161 804 759
894 147 581
17 593 110
119 961 730
740 877 231
452 302 495
662 91 609
736 102 481
421 742 936
327 533 456
486 431 247
184 420 862
29 496 767
932 427 684
726 614 382
165 457 263
2 583 694
689 534 634
466 368 408
631 470 771
442 49 121
582 697 189
390 1 411
542 100 326
936 798 340
951 620 651
332 436 29
896 748 237
358 241 266
691 950 683
284 35 254
289 957 232
317 823 193
177 532 813
79 81 992
546 841 171
362 965 703
860 741 799
535 313 622
66 297 312
130 144 583
922 488 983
823 119 166
128 21 894
390 45 906
257 225 558
699 270 120
872 238 342
369 271 999
892 131 792
197 678 79
200 411 238
923 748 26
999 972 512
295 358 339
847 384 236
526 585 167
302 757 663
400 13 379
735 642 813
636 995 790
147 962 987
172 525 926
721 830 263
543 867 111
487 858 424
570 956 590
768 537 427
986 953 716
879 737 621
738 73 293
123 859 223
105 11 607
830 77 239
587 807 825
566 658 277
210 702 311
57 840 404
508 459 80
24 391 308
367 361 169
112 676 851
940 723 594
500 281 520
782 150 341
317 606 445
923 233 594
574 415 998
441 854 107
762 531 61
915 837 467
944 82 716
174 214 231
375 637 124
467 227 290
758 704 577
929 808 236
608 669 235
788 969 343
667 798 362
607 169 462
452 264 728
458 301 155
850 323 38
70 269 62
796 206 834
23 541 724
692 873 599
283 769 33
579 438 382
294 614 809
739 839 650
654 483 119
897 497 93
453 760 994
544 686 617
36 139 728
688 862 618
182 912 595
757 936 807
487 152 687
613 894 868
261 778 247
776 275 171
602 274 357
876 187 827
470 103 476
964 263 128
289 790 202
492 513 519
760 74 496
967 628 736
177 701 199
756 828 913
861 113 603
66 820 340
576 380 422
696 406 494
402 921 578
48 211 187
653 499 285
823 500 915
786 410 988
768 138 47
450 440 34
208 737 978
95 297 358
546 322 580
508 715 869
325 159 441
66 197 540
958 496 839
962 673 578
731 671 914
512 672 819
104 704 266
459 199 140
676 40 935
96 803 819
408 267 723
632 867 985
113 460 803
301 114 629
93 311 119
288 123 280
131 228 685
9 447 368
6 929 896
579 781 101
346 390 470
177 849 528
709 404 399
360 328 418
829 708 345
298 530 92
298 666 949
854 951 378
912 507 230
925 51 180
11 170 752
485 902 257
862 422 378
287 366 463
925 357 358
761 666 455
111 751 736
108 161 664
236 809 397
699 710 558
12 471 378
739 122 884
683 546 661
292 224 878
166 508 410
681 484 245
878 602 228
425 93 634
135 787 789
515 195 427
644 185 580
838 938 459
471 424 743
740 483 729
671 63 430
152 211 660
637 756 126
995 869 708
796 245 743
933 152 973
233 166 830
410 747 991
805 30 231
888 354 489
284 378 291
255 990 699
973 187 332
918 383 803
897 307 296
227 110 606
476 203 586
24 759 874
223 677 31
113 859 437
109 146 12
897 710 29
98 18 298
834 242 607
630 968 937
237 945 876
766 597 647
916 206 683
838 980 362
13 331 330
994 582 183
320 91 22
96 328 995
782 924 487
451 848 659
418 974 141
846 30 939
364 722 629
712 282 232
557 974 404
205 179 875
5 235 129
137 724 946
845 341 560
779 871 181
350 673 155
232 941 891
324 514 970
795 234 649
122 63 551
814 168 592
349 759 754
21 603 991
113 742 951
784 39 400
433 326 118
177 299 638
913 242 756
473 588 422
349 253 786
618 407 149
670 706 794
776 67 276
709 592 970
632 627 938
28 332 248
189 727 608
10 602 795
324 168 5
924 337 768
97 603 518
870 795 643
61 62 798
412 619 571
53 203 496
976 506 879
330 853 520
895 291 785
347 412 481
890 695 636
801 44 851
147 778 550
147 358 37
775 3 475
201 753 407
148 487 930
622 275 674
566 1000 248
144 21 886
791 573 965
845 298 748
867 372 437
111 74 948
809 455 121
989 582 66
101 189 625
973 984 552
195 671 767
779 368 830
775 752 825
3 619 828
214 221 488
961 936 777
432 555 235
997 351 457
763 328 74
707 101 247
124 805 826
425 604 117
85 541 430
865 291 783
255 15 804
704 158 37
101 459 39
867 808 665
792 252 284
994 275 122
579 755 723
312 718 652
676 220 898
111 212 130
409 517 437
104 925 688
691 514 149
912 759 729
826 18 955
729 74 350
680 59 643
601 182 163
198 931 439
934 452 78
845 539 748
458 121 142
821 98 679
640 846 701
31 630 615
20 847 383
783 48 12
866 352 374
217 389 502
438 601 768
220 128 785
775 141 635
767 448 952
51 379 17
630 732 538
749 740 328
888 933 897
541 459 355
492 964 990
220 729 852
450 690 42
522 879 931
937 273 419
463 826 508
330 809 938
476 732 33
260 620 910
199 101 524
223 803 579
526 563 688
673 507 714
155 291 627
954 821 48
977 307 216
943 896 734
347 66 98
209 781 898
448 942 261
445 83 714
461 132 336
969 929 145
452 971 462
897 801 454
569 589 372
976 810 899
919 295 667
563 560 369
390 676 642
188 131 357
323 709 28
861 476 528
719 363 902
781 862 63
834 382 244
577 362 291
954 181 160
302 467 413
234 776 151
666 228 561
733 875 545
4 587 2
565 32 479
636 257 638
811 562 515
155 859 922
793 423 735
526 674 857
460 902 150
224 181 819
901 776 848
962 735 46
664 110 119
786 462 882
654 717 580
64 585 153
689 808 317
10 819 936
718 951 351
604 306 510
54 180 37
957 361 114
742 568 206
266 793 501
115 223 233
538 85 799
977 533 435
475 278 179
166 750 19
848 966 302
200 102 508
680 152 463
339 853 467
377 973 200
184 24 452
852 334 641
352 726 7
206 498 508
619 436 829
559 84 722
400 523 4
985 606 941
4 206 683
858 464 564
837 837 288
602 186 369
259 287 572
682 772 887
865 866 672
578 401 158
698 745 373
553 186 724
8 381 974
822 187 612
636 3 4
903 77 448
60 605 420
218 219 805
865 900 271
520 358 921
370 508 732
932 1000 38
120 465 380
323 111 858
659 719 444
775 33 339
605 755 960
507 15 696
184 162 412
191 315 71
720 895 104
251 923 218
598 279 721
871 449 664
196 618 8
163 40 401
420 177 726
753 308 804
72 260 360
355 151 258
912 859 775
370 92 22
564 399 717
243 811 933
832 428 999
923 775 833
567 511 894
891 503 757
990 886 563
992 208 755
632 222 617
658 306 653
885 519 486
192 996 245
838 672 301
96 523 890
151 169 14
749 942 848
768 625 896
119 206 272
560 292 379
288 87 493
63 401 241
476 798 702
694 876 336
690 397 619
255 985 718
792 292 358
6 631 936
945 325 674
710 366 30
57 624 652
344 781 816
452 54 742
260 662 863
328 661 598
841 431 261
780 974 200
567 905 898
875 955 236
665 846 684
906 521 717
701 384 168
182 927 521
273 18 514
159 229 279
684 753 145
945 923 280
377 825 231
283 88 472
689 625 725
912 281 87
849 579 90
186 564 377
397 354 784
499 500 745
984 567 624
561 917 299
815 490 791
793 157 626
784 49 642
613 538 130
951 963 15
973 739 689
115 896 956
470 612 63
679 791 600
552 141 802
30 786 285
242 431 66
271 412 895
420 527 578
226 783 771
920 37 44
917 703 92
569 643 151
753 57 81
216 272 605
107 658 220
433 779 73
2 3 897
957 918 703
125 572 870
159 509 540
867 651 422
809 344 564
739 319 812
726 256 141
622 994 35
778 351 498
940 529 250
296 930 558
127 830 445
186 498 759
282 589 796
237 717 275
431 459 411
785 532 618
