5000
534 771 584
861 481 152
136 597 532
631 720 100
764 162 958
853 262 300
758 588 379
547 742 323
407 393 694
926 615 669
772 928 429
435 826 162
845 770 894
239 902 513
365 997 107
445 249 525
758 970 308
922 613 871
823 894 506
469 582 849
874 296 536
742 168 418
265 101 967
871 681 328
867 983 229
589 198 759
358 472 632
434 280 901
617 312 451
525 853 114
681 239 533
396 207 585
858 700 865
538 212 207
256 106 714
173 794 415
527 355 404
909 785 689
896 358 449
742 162 589
790 583 326
342 762 285
272 617 662
415 340 131
588 420 873
615 847 963
177 130 755
159 178 980
241 565 429
889 878 378
405 861 353
715 160 210
184 675 940
370 446 339
945 286 927
646 531 242
967 916 218
335 877 458
609 268 122
411 395 183
597 612 481
375 241 501
762 235 889
494 852 104
929 274 875
603 504 910
999 102 144
491 369 967
855 745 931
812 556 654
149 806 304
188 218 398
103 260 791
215 768 487
744 224 398
892 779 546
621 539 496
564 205 305
269 345 865
290 855 947
892 347 808
902 703 816
969 987 756
818 406 242
499 462 513
431 436 658
845 359 109
148 631 490
293 762 482
984 120 444
366 281 902
706 708 294
870 643 759
712 671 459
973 793 682
286 849 973
335 820 850
665 617 595
901 432 738
208 519 573
200 663 231
420 665 240
900 543 884
170 244 163
117 755 239
626 456 218
282 737 207
137 789 297
283 673 800
279 524 113
715 815 638
730 397 390
850 714 882
392 436 364
484 523 709
141 948 194
927 664 298
405 721 514
259 759 263
706 534 264
677 929 130
745 978 278
724 318 319
291 616 311
802 717 706
680 897 504
110 638 838
594 884 1000
903 535 818
589 349 954
310 191 644
727 491 666
381 442 923
417 682 750
470 966 407
981 153 857
741 450 727
111 572 882
556 256 893
511 464 101
780 276 385
934 532 905
434 846 757
926 363 829
329 603 638
584 408 773
210 933 149
888 134 586
570 793 540
829 916 168
438 755 161
627 249 503
797 735 907
381 620 206
988 953 118
848 565 914
383 818 149
498 199 732
661 477 455
128 268 213
372 995 496
919 986 171
318 568 282
716 475 503
229 264 175
443 468 281
944 297 598
648 547 344
879 845 923
505 473 139
521 124 874
925 830 401
786 986 735
910 617 976
958 267 159
996 492 584
341 535 763
432 396 832
184 419 451
761 796 631
415 122 235
579 480 925
437 292 566
914 575 275
953 370 226
791 686 143
876 819 406
155 439 569
528 798 561
577 793 482
449 660 854
916 265 501
569 818 672
651 223 742
417 612 162
470 399 807
493 761 771
527 516 228
595 330 589
848 928 791
385 910 627
892 637 707
745 897 515
733 949 863
348 742 651
455 793 604
292 123 544
585 374 187
135 868 818
654 587 896
633 290 616
377 910 953
248 685 687
680 841 124
717 571 816
690 721 822
104 216 171
524 528 514
661 889 464
787 396 588
860 485 190
918 521 916
490 792 703
339 963 962
935 230 885
275 603 580
433 597 745
845 404 815
113 354 236
621 653 194
550 762 556
890 445 935
455 878 284
991 277 843
275 654 989
240 729 415
603 212 769
492 563 358
313 251 309
555 794 487
309 155 930
677 596 914
277 151 366
707 880 543
605 803 417
393 109 408
119 126 856
517 596 624
946 318 423
385 280 757
594 715 502
230 828 242
629 963 776
621 142 225
594 572 843
276 919 493
111 198 666
451 231 239
128 787 247
505 402 689
256 945 295
750 180 178
895 496 167
945 611 693
699 494 516
589 214 581
726 366 935
889 886 938
186 859 552
776 347 821
198 943 311
798 943 640
752 225 654
569 750 495
240 901 464
736 805 398
118 728 287
481 707 170
899 245 404
615 399 985
547 227 105
237 331 836
203 418 361
723 265 958
311 545 596
705 612 756
460 252 417
714 919 362
251 411 392
366 995 704
606 884 604
415 476 345
448 150 244
730 112 911
649 537 133
784 136 112
563 788 654
427 843 729
564 807 332
716 984 540
575 421 554
164 922 263
145 607 951
706 745 223
681 266 218
305 576 474
443 259 248
148 417 717
118 964 276
617 999 340
372 159 875
740 543 807
677 839 660
719 941 660
901 909 496
660 641 574
915 641 245
744 879 886
675 382 796
203 465 345
874 245 246
593 611 873
888 820 555
982 188 213
826 936 907
723 637 281
693 314 684
880 730 105
874 126 953
863 724 397
649 723 540
855 995 918
639 265 362
531 640 843
612 154 541
839 885 521
582 844 976
844 188 497
407 500 992
133 986 285
647 838 405
288 925 323
707 308 324
738 208 589
729 215 514
254 711 525
317 512 496
610 614 353
101 223 842
535 704 876
254 679 924
103 596 359
519 196 433
903 235 216
503 451 194
608 361 112
437 417 127
316 385 698
151 700 800
879 515 267
806 602 665
426 237 384
247 861 273
949 656 774
845 634 594
301 927 179
398 882 165
767 578 695
594 380 119
441 239 389
182 642 962
935 571 663
279 236 208
385 463 247
327 723 288
504 214 522
459 915 755
537 695 821
560 130 520
653 439 873
636 254 423
593 269 650
233 785 672
727 308 512
685 532 537
834 476 161
924 583 474
332 307 231
845 436 534
746 547 979
889 947 293
132 453 572
520 245 340
170 407 917
564 900 287
530 299 866
761 458 721
344 603 974
191 913 981
607 782 115
537 342 411
310 334 932
973 333 304
744 271 469
699 221 236
966 196 322
796 160 354
378 403 134
800 255 432
261 598 994
333 695 896
941 790 370
459 768 650
502 777 775
495 741 252
561 508 181
729 548 391
373 532 117
468 804 368
661 629 410
739 783 925
522 454 876
823 808 425
509 790 538
599 714 390
980 143 361
164 547 592
672 215 320
361 240 572
612 830 525
479 878 899
702 141 862
403 560 828
675 917 419
702 571 183
523 211 785
478 232 708
559 287 965
266 519 290
626 176 662
287 747 538
683 653 796
102 603 630
637 199 260
128 182 852
979 967 132
914 227 614
899 236 796
598 836 623
544 304 418
997 457 428
502 276 253
232 562 924
331 736 472
919 732 843
797 580 295
667 294 634
979 171 803
918 931 174
788 157 191
718 817 321
615 121 269
409 457 478
574 843 233
318 330 711
799 263 424
778 262 483
950 137 990
720 255 786
404 244 157
477 876 411
385 140 487
172 885 316
727 119 981
340 431 399
708 870 510
471 860 775
426 713 982
638 692 368
669 477 875
336 119 209
237 846 265
510 484 277
733 561 804
402 710 744
673 199 925
282 515 269
764 381 240
765 663 606
264 996 561
631 746 748
868 423 861
152 912 543
783 844 572
886 952 776
456 146 486
964 533 421
862 676 404
246 940 263
652 683 964
828 509 578
345 845 878
441 778 606
831 495 636
252 982 460
761 245 966
216 810 919
354 195 110
803 906 352
272 353 619
277 765 192
208 209 804
221 677 688
962 660 620
746 744 422
754 990 502
663 982 470
225 733 868
548 344 373
326 660 579
872 731 724
323 111 735
213 214 686
747 771 504
855 684 219
500 302 122
139 991 872
820 758 369
361 134 121
633 746 387
302 966 346
302 722 662
420 920 767
623 677 350
543 979 429
734 524 324
827 456 845
253 320 812
830 478 874
964 781 400
933 461 175
499 332 921
821 483 151
554 263 862
674 374 926
420 625 273
248 429 390
146 751 395
836 506 642
497 687 246
251 272 277
794 827 365
407 490 357
299 560 248
408 401 932
548 243 655
660 567 823
682 340 484
125 881 957
684 123 505
289 882 562
585 290 431
337 952 621
870 863 233
240 350 732
493 325 797
674 803 949
844 634 942
217 970 982
504 316 238
108 741 368
479 566 772
315 705 788
913 912 118
240 657 329
272 897 880
116 496 228
903 294 263
234 369 207
941 194 784
892 856 747
680 737 933
406 316 653
611 348 177
153 115 226
528 557 236
815 799 998
680 645 300
731 570 177
647 214 899
821 977 326
409 150 553
223 218 150
365 217 204
628 761 770
903 912 304
725 942 931
403 344 100
410 415 439
548 157 568
624 725 436
134 177 338
419 391 733
192 835 583
592 827 492
497 895 303
592 959 450
447 980 281
958 894 231
865 599 194
950 165 814
356 126 974
941 222 135
179 677 633
779 495 402
181 302 370
949 294 714
194 774 529
852 586 634
246 639 220
637 655 724
256 820 632
834 130 328
970 907 487
216 552 197
671 325 314
304 671 429
699 623 770
641 866 672
498 219 582
866 898 360
746 375 427
976 407 418
977 848 468
577 996 910
971 780 225
665 320 577
973 681 655
431 718 578
778 298 225
817 852 374
469 966 534
361 169 831
735 913 164
228 797 314
939 987 518
760 609 490
636 517 508
121 254 795
547 428 322
278 545 739
396 780 382
935 261 638
887 682 897
207 591 809
940 998 143
235 790 659
168 913 417
278 924 574
265 551 912
478 220 524
733 516 831
991 218 998
802 892 313
335 597 439
804 440 952
403 346 294
236 167 291
758 659 935
682 969 901
713 207 244
735 501 314
904 774 176
440 377 622
839 802 297
970 470 944
748 268 780
755 445 773
114 135 816
582 875 980
776 729 290
859 492 757
115 721 213
920 110 913
844 600 768
194 366 398
749 329 423
110 312 282
507 389 225
817 419 566
525 367 863
274 828 601
720 115 132
936 522 754
167 460 491
652 561 732
157 892 642
139 730 822
981 454 977
485 163 532
323 269 306
415 988 883
300 549 661
527 943 886
615 759 128
581 333 236
897 674 672
914 587 437
986 562 462
225 114 640
501 457 491
109 333 885
920 296 708
928 646 563
540 691 178
438 356 682
861 867 608
642 533 241
808 696 513
121 752 640
491 469 278
340 906 536
916 538 792
408 849 861
274 554 548
814 479 398
989 866 332
757 121 760
151 491 861
674 362 138
308 814 999
893 415 255
666 998 693
170 249 255
978 915 159
558 289 161
545 981 885
782 540 567
801 540 696
819 876 301
306 392 439
517 536 183
530 377 228
343 707 556
367 221 982
571 220 650
785 704 473
910 611 220
154 161 537
338 176 964
922 881 539
839 107 706
564 674 344
230 948 295
225 527 277
191 780 937
185 831 590
360 274 367
194 828 968
500 366 560
149 307 343
935 481 334
510 208 908
314 153 811
787 310 538
323 612 525
148 123 242
843 598 739
703 182 697
791 898 796
578 334 705
637 941 628
959 911 674
972 403 414
241 361 146
933 854 795
319 967 591
128 848 910
797 974 756
568 579 364
903 112 419
220 440 992
154 829 361
388 405 858
908 321 730
373 588 753
740 587 349
598 183 274
495 298 721
391 632 229
329 910 615
746 945 573
292 664 514
846 678 165
914 605 108
329 610 261
781 626 327
810 111 466
592 420 559
244 364 852
981 277 839
508 223 788
720 437 628
298 582 457
951 945 930
101 354 796
110 532 655
355 530 959
631 759 658
937 112 510
491 893 395
932 352 215
852 902 388
833 999 964
226 534 616
217 264 528
750 674 233
105 382 518
359 642 482
984 832 297
330 430 244
399 475 592
787 655 987
892 174 951
745 476 909
745 652 427
571 323 104
755 156 921
577 353 121
566 623 994
989 379 180
417 180 767
207 742 411
374 380 841
871 593 147
831 681 328
800 159 215
631 825 861
1000 854 321
819 245 824
837 961 434
370 451 346
690 604 970
770 404 182
262 162 332
106 396 424
203 331 572
180 305 210
698 332 162
997 816 388
898 206 459
628 157 115
609 455 804
697 542 359
856 282 415
110 896 965
498 709 112
724 579 198
923 728 290
836 968 747
831 280 858
544 150 634
619 901 908
182 716 408
758 474 744
164 650 934
498 180 471
896 692 991
271 608 647
659 788 261
748 678 867
396 781 673
340 483 525
178 592 700
588 924 614
599 998 886
650 526 358
944 430 450
170 164 650
350 707 549
870 239 865
647 613 566
970 853 773
612 344 673
534 760 832
288 685 106
375 993 590
766 607 278
262 360 287
347 760 751
483 550 902
808 812 285
519 526 493
472 976 238
863 686 187
167 523 508
158 788 456
932 970 454
811 759 568
572 535 312
396 837 524
378 291 612
915 420 179
394 303 220
182 617 650
683 839 281
266 301 875
168 666 343
709 155 386
768 391 835
299 200 750
216 312 661
533 254 673
325 228 589
391 250 777
306 974 460
996 270 751
236 872 678
501 548 917
986 102 978
644 321 498
356 788 290
490 877 921
294 850 708
295 175 411
624 928 275
577 993 392
791 654 939
302 706 226
307 504 500
972 699 781
130 646 810
862 510 263
878 230 337
190 208 641
457 931 207
466 335 346
412 767 449
892 745 924
830 806 142
145 566 559
123 623 440
911 282 420
975 262 693
830 757 866
374 559 319
456 887 716
988 285 586
587 175 502
513 329 307
180 332 748
661 956 836
919 465 348
737 704 999
958 170 650
862 434 467
125 577 920
183 847 749
422 304 982
767 110 180
974 547 309
488 548 543
502 967 839
484 995 889
221 202 936
239 387 982
443 157 135
438 575 774
599 997 771
342 352 989
355 785 847
788 736 705
516 708 897
525 137 220
868 815 995
187 388 869
620 716 853
945 608 594
602 818 863
765 921 661
518 246 435
577 169 732
801 377 311
143 599 765
763 822 742
240 188 961
722 805 694
529 938 459
103 590 681
796 202 994
529 902 745
673 644 705
215 531 153
369 742 981
542 194 649
500 944 107
215 786 474
724 390 789
778 749 565
840 218 691
584 938 225
578 739 379
770 944 950
670 901 516
800 821 563
293 728 304
575 630 648
722 960 711
270 173 857
715 537 457
911 960 463
160 283 674
241 338 323
664 219 597
153 978 175
594 846 795
359 614 841
220 730 768
956 541 410
993 102 301
291 391 883
370 630 779
682 641 394
985 362 725
658 994 443
392 634 402
710 884 324
954 451 130
279 285 410
474 673 969
599 190 891
310 874 959
155 195 589
902 249 228
884 111 356
412 921 376
368 927 776
525 369 511
437 779 862
429 750 622
303 952 205
301 289 964
800 505 626
630 633 500
989 431 591
844 848 685
202 774 267
301 313 323
799 595 137
350 833 362
256 159 632
453 709 221
740 157 886
399 890 535
236 131 547
551 172 292
303 762 749
688 352 469
497 354 690
532 518 231
312 521 131
581 131 121
116 923 871
952 972 147
350 973 621
958 182 205
358 696 274
607 736 990
420 337 333
392 341 237
856 223 169
324 420 643
624 368 819
344 220 344
683 563 417
904 186 536
109 256 500
530 803 178
827 966 864
129 187 509
407 165 412
543 236 254
181 637 154
537 344 286
541 207 540
497 266 589
653 831 413
191 166 274
648 857 187
429 309 583
790 122 795
778 909 737
917 218 364
650 593 812
999 217 708
458 428 741
836 464 138
806 140 393
627 489 248
584 302 482
750 812 860
151 650 462
157 916 210
370 267 793
740 226 420
903 101 135
185 942 645
903 163 327
311 543 574
392 678 898
925 930 487
503 715 243
918 798 622
149 423 586
980 809 713
542 821 159
774 929 688
669 692 610
519 412 235
424 494 241
494 201 253
255 885 480
667 665 387
695 853 687
202 157 855
795 110 188
242 322 977
388 778 173
839 707 519
267 875 149
889 206 923
264 878 123
145 821 351
846 415 543
306 944 752
159 729 274
999 506 904
579 745 518
539 822 193
534 174 393
666 187 225
135 588 644
447 819 764
733 217 291
857 554 491
716 492 430
886 219 276
821 345 278
254 647 879
840 816 686
423 463 580
424 492 934
436 240 392
199 173 230
439 100 746
757 484 573
569 605 181
891 269 509
545 725 559
182 211 477
111 277 296
978 910 548
696 645 863
261 606 508
496 799 554
302 245 107
342 227 171
227 635 982
176 105 530
829 922 107
652 340 878
105 965 111
902 639 663
730 303 129
752 286 363
186 124 361
947 805 355
650 714 373
756 506 739
171 912 483
901 239 873
739 523 956
908 812 874
303 441 724
195 886 661
833 539 239
398 799 557
402 560 628
411 351 344
565 629 300
482 301 212
657 310 218
573 580 150
729 797 604
113 844 764
947 733 852
535 987 877
595 635 241
941 191 596
448 688 673
899 681 968
627 809 350
735 770 867
628 409 279
215 847 329
293 861 627
687 469 485
133 682 913
851 485 728
865 462 189
902 674 374
621 751 305
866 311 870
112 296 763
235 371 375
860 349 530
757 314 698
102 346 294
600 823 643
843 333 582
908 800 180
690 998 336
427 199 823
982 277 167
781 434 326
501 495 613
803 288 263
739 975 318
640 109 578
868 242 227
553 963 279
463 510 928
607 433 782
456 826 534
368 381 347
141 131 323
273 741 925
755 514 368
102 296 800
339 421 789
587 626 713
982 714 361
149 668 991
709 454 638
831 200 947
741 495 876
268 281 612
188 647 340
335 559 617
896 570 503
472 374 354
721 791 741
343 747 652
701 877 570
426 520 944
547 297 265
578 439 490
253 129 627
596 984 312
425 558 751
753 894 926
354 368 158
851 697 546
178 293 122
987 948 872
630 932 238
192 445 106
309 344 581
193 163 509
361 154 607
250 992 999
983 229 178
359 907 510
142 497 271
831 154 381
762 136 198
600 179 732
281 514 140
623 335 922
605 584 583
579 782 604
469 707 834
934 802 330
623 901 233
313 815 175
299 195 770
981 136 863
614 299 554
907 105 520
180 262 516
513 903 420
669 611 853
959 738 428
123 181 689
192 788 796
288 486 171
120 427 826
180 245 804
946 223 907
806 612 799
554 138 559
652 513 533
311 229 350
803 967 272
750 559 613
714 461 730
689 864 655
144 673 702
241 310 239
543 941 210
624 211 151
607 264 819
127 843 636
991 872 440
902 762 659
637 532 682
148 739 309
395 404 566
688 164 211
935 579 877
627 374 599
775 756 452
542 838 480
397 431 566
741 197 920
195 862 920
160 785 313
126 336 772
614 252 876
689 430 808
939 415 900
699 368 374
798 364 554
648 862 144
101 522 858
984 961 562
362 917 225
681 594 784
940 166 380
438 939 995
312 995 745
184 467 885
253 361 455
100 408 829
116 888 518
433 616 804
787 654 764
862 658 946
844 940 829
608 777 931
701 710 400
158 195 495
128 755 945
498 322 718
248 845 208
757 593 221
979 926 416
146 749 674
732 569 701
405 124 504
401 885 224
427 210 747
496 848 800
985 950 562
101 507 303
279 680 524
977 664 539
462 271 420
712 340 344
493 988 491
979 351 715
467 715 251
275 115 565
536 694 256
890 676 446
769 644 145
184 132 229
626 553 307
740 152 544
573 752 588
634 474 988
834 232 109
202 580 847
888 127 357
839 479 841
517 856 767
369 345 199
695 833 432
339 517 718
970 644 892
244 952 942
380 910 598
506 391 143
859 820 849
355 138 883
432 673 747
174 610 362
424 928 180
660 626 167
631 366 950
919 730 866
865 428 585
891 159 494
275 558 484
268 800 520
984 365 548
124 496 645
461 338 120
470 378 325
542 748 855
296 481 990
171 254 142
679 450 404
408 612 567
632 660 374
381 172 936
147 292 230
732 224 784
632 471 544
843 186 956
867 285 576
477 882 698
348 940 975
323 734 164
102 846 793
958 143 138
414 960 131
747 819 360
422 915 860
896 221 809
394 573 414
188 793 135
500 809 475
385 797 646
323 485 962
183 633 937
185 819 649
640 368 564
681 880 336
566 174 112
886 483 364
450 961 136
903 643 247
764 861 847
965 787 844
827 926 228
653 862 520
725 244 867
810 350 851
281 789 874
434 694 756
592 287 779
748 826 866
686 712 573
654 459 608
698 819 127
260 798 455
905 695 478
289 226 756
801 840 224
263 941 151
208 362 686
944 946 509
502 644 629
267 965 795
526 413 883
208 986 427
710 259 381
721 213 865
602 491 432
453 707 934
240 418 100
648 185 565
688 426 385
530 426 525
430 948 427
851 134 609
612 705 255
567 713 686
411 333 459
975 912 837
427 929 810
538 343 771
370 434 265
359 202 746
204 965 698
140 949 953
543 284 666
360 848 796
727 835 724
740 687 342
610 764 608
136 677 339
326 505 242
540 456 884
760 379 178
628 519 525
201 179 158
356 641 681
726 557 512
480 762 844
515 349 248
625 869 614
774 326 708
545 394 622
719 119 738
680 222 790
103 785 311
706 276 529
677 615 108
902 782 654
991 690 212
632 907 957
367 830 501
149 468 409
195 166 895
878 957 949
501 872 556
881 844 727
486 449 968
784 540 285
616 545 557
132 433 460
243 821 731
132 182 769
692 593 819
255 919 946
265 783 813
252 142 159
478 112 582
649 372 980
256 798 324
205 957 937
567 566 664
395 316 402
774 462 223
874 170 400
638 555 253
320 702 355
184 404 153
678 858 545
624 487 106
845 114 203
808 886 184
649 379 330
963 511 696
574 130 947
704 759 789
414 760 150
792 733 612
642 548 379
226 238 202
504 600 850
404 787 814
211 469 758
776 246 445
188 767 916
408 282 671
427 894 582
968 808 266
287 798 283
814 142 291
788 605 851
561 837 154
554 646 396
272 913 339
735 518 438
313 957 724
791 411 746
911 261 731
220 376 167
663 116 147
365 492 196
905 575 951
988 325 576
760 930 308
697 387 958
673 796 445
109 741 740
416 807 206
627 966 931
907 387 868
298 103 498
312 531 686
224 294 320
779 135 524
184 180 355
461 826 310
314 828 344
780 232 860
897 850 441
522 743 986
419 152 208
850 206 514
826 537 363
456 223 521
827 539 598
167 111 290
926 599 502
885 871 342
516 822 198
758 781 979
316 310 214
379 940 511
450 314 436
370 778 807
214 499 207
866 897 919
310 476 689
269 281 979
248 576 684
379 836 678
511 910 188
941 558 404
834 349 924
825 175 951
430 637 673
327 205 373
769 860 533
584 533 375
882 635 646
341 274 506
669 194 741
299 450 316
383 567 937
122 493 626
205 316 580
566 716 549
888 503 167
669 948 287
390 155 664
163 388 846
340 948 213
872 856 192
395 328 612
214 391 394
604 538 306
728 773 571
758 119 754
905 365 752
912 682 636
747 142 231
517 523 614
367 384 503
662 528 562
345 217 852
274 152 974
641 720 763
245 774 644
830 314 308
681 107 379
786 909 794
428 948 774
979 916 831
761 589 383
127 257 945
867 901 920
854 373 628
246 478 551
941 422 527
739 171 961
534 858 744
800 550 348
518 517 681
118 199 106
625 124 602
445 779 742
951 692 981
620 420 527
982 222 138
582 113 997
242 110 252
382 502 482
949 908 427
470 287 975
830 914 866
990 304 382
256 753 362
428 906 773
111 663 292
338 539 585
716 181 173
846 330 632
411 536 348
532 774 530
982 150 665
765 549 628
979 897 685
538 386 805
572 325 233
431 509 683
289 222 288
619 674 258
300 678 954
383 750 179
657 441 991
708 869 942
510 455 474
984 201 592
962 585 820
423 132 899
611 854 527
525 607 840
750 969 457
222 544 901
622 397 504
885 321 152
783 151 716
688 766 327
740 119 376
675 760 901
535 333 417
760 1000 110
330 519 298
306 987 815
330 118 417
649 698 455
871 648 357
801 105 347
217 973 458
289 944 704
361 653 579
519 899 222
589 708 317
705 458 251
879 170 464
782 149 481
207 170 192
251 583 964
594 929 240
142 416 121
171 857 653
316 555 160
167 318 718
386 409 890
433 693 731
798 255 292
217 557 844
601 212 747
331 538 675
414 437 831
316 723 352
771 848 171
294 343 653
258 491 676
200 272 911
230 394 913
161 757 746
943 603 261
103 582 104
384 989 818
711 149 839
962 872 846
936 337 520
166 799 211
147 809 601
158 635 237
675 517 955
994 471 530
194 566 599
662 234 846
711 415 249
494 439 810
253 361 823
232 189 827
689 990 458
705 531 716
207 134 889
955 201 602
575 636 690
744 588 618
121 850 503
825 441 832
460 636 493
239 911 528
595 618 850
210 484 904
500 141 353
306 872 323
871 940 738
612 706 515
490 192 209
785 301 501
978 175 438
911 881 401
367 133 554
769 851 753
679 391 433
845 430 620
877 282 313
802 412 338
484 578 972
128 867 754
577 509 942
608 889 350
897 432 696
400 215 782
397 911 643
488 140 567
296 169 902
373 792 541
575 689 840
232 484 174
669 591 115
126 541 636
656 583 469
446 138 244
245 633 764
239 690 337
334 937 842
112 847 585
374 591 829
632 391 567
663 784 140
841 952 473
604 364 816
145 942 206
696 539 791
879 240 483
532 810 105
877 206 654
110 380 360
307 947 489
512 132 415
141 858 570
505 556 116
270 540 877
581 236 324
555 971 518
232 176 250
118 285 919
735 130 258
862 719 903
857 692 558
458 321 341
246 811 181
115 219 917
157 519 698
231 803 735
505 792 915
480 935 790
762 625 703
137 724 127
908 724 235
799 566 209
145 634 621
435 598 645
755 725 520
816 389 726
728 399 527
735 982 396
711 517 663
534 595 679
501 352 384
423 199 480
466 121 539
923 983 163
112 947 855
564 579 498
962 737 337
489 914 915
684 922 722
515 365 600
922 401 844
603 575 177
563 766 926
775 502 930
440 383 318
775 275 134
273 478 225
731 265 127
646 359 931
549 337 152
419 838 471
401 609 222
874 984 978
517 928 703
723 888 536
387 580 632
477 113 232
490 277 562
715 620 332
840 513 279
199 767 976
379 849 636
150 681 246
316 133 565
302 908 587
731 166 773
176 180 629
947 839 899
841 945 598
983 584 316
627 971 558
832 204 491
416 569 974
871 967 880
904 503 849
761 480 531
985 326 870
639 764 820
370 394 556
222 956 143
608 824 739
993 352 505
458 283 922
904 101 984
494 325 267
272 652 445
670 219 838
229 230 724
617 841 681
966 128 882
467 906 580
855 865 479
761 383 206
814 171 247
887 996 963
300 412 696
553 627 528
535 275 579
487 983 966
843 822 277
481 578 627
867 627 461
119 938 697
840 943 755
941 722 332
639 139 370
937 431 852
929 786 142
624 564 143
372 253 802
483 621 365
474 572 858
855 820 537
948 633 768
885 769 649
325 783 580
484 428 917
873 794 403
374 898 264
624 971 965
622 428 679
498 296 326
827 990 210
627 544 569
992 326 721
676 993 185
642 859 131
876 170 335
199 297 924
495 940 180
642 445 615
512 287 362
845 266 908
597 808 420
172 176 640
705 344 100
255 875 858
455 220 879
805 820 618
175 960 481
990 104 460
542 552 820
832 512 966
575 122 531
343 543 657
488 986 265
521 502 235
709 744 938
842 943 569
772 168 149
673 973 874
473 366 388
285 301 482
819 759 261
666 925 601
863 147 817
421 926 520
358 168 109
995 293 335
890 647 749
192 712 343
620 978 848
298 566 918
629 632 957
496 374 999
582 116 986
602 869 878
974 172 457
167 650 215
805 576 418
223 150 547
410 647 224
648 745 952
589 932 892
630 232 323
858 407 384
199 899 448
315 571 256
247 140 549
686 240 530
368 976 235
884 882 215
609 940 935
722 397 371
963 781 535
772 830 911
652 698 981
727 129 389
349 161 922
100 783 113
453 953 423
924 365 780
823 599 585
977 567 633
501 792 651
310 885 477
270 987 795
857 695 353
926 665 780
522 526 267
492 374 144
957 791 357
899 714 853
884 930 798
440 171 779
237 839 790
310 323 377
929 145 179
910 935 603
908 470 256
504 797 953
235 197 403
966 456 126
609 946 779
268 314 112
616 278 940
875 190 185
123 503 643
695 687 375
705 457 273
289 260 145
846 394 386
170 267 526
821 203 331
438 885 219
427 927 554
395 499 108
337 569 133
293 317 699
186 839 883
312 972 551
979 361 206
108 434 915
722 316 558
681 452 644
586 292 903
951 246 170
799 410 956
773 822 574
857 175 884
749 810 270
293 813 381
118 950 332
903 228 462
166 390 909
342 649 739
106 515 584
643 724 448
934 697 668
598 853 772
411 539 103
416 610 489
103 791 228
809 856 581
970 392 483
1000 616 569
214 388 817
529 989 691
695 438 125
871 610 231
558 150 654
561 223 191
752 721 155
349 175 283
543 925 246
780 144 621
371 578 426
169 751 981
692 400 573
657 857 776
697 903 778
249 772 520
482 923 305
135 414 412
540 349 585
568 612 613
197 825 201
289 356 555
657 554 483
550 171 948
994 124 285
429 528 925
742 891 259
122 716 412
806 469 678
231 255 762
786 307 225
825 830 426
254 365 670
218 835 617
212 453 309
249 311 940
844 836 470
553 802 217
665 920 915
577 517 912
230 231 476
501 212 924
870 915 304
294 811 993
310 702 1000
450 651 215
199 987 740
883 805 546
849 240 203
1000 550 877
646 967 918
374 424 517
994 424 797
631 622 951
632 191 968
464 972 871
164 685 373
198 987 125
850 909 701
518 284 759
773 233 428
588 745 174
486 204 750
509 355 855
644 262 565
843 449 522
896 179 520
280 454 153
804 741 982
967 682 794
128 494 454
418 924 237
757 637 373
644 507 278
569 284 166
496 603 460
581 883 495
487 469 873
674 507 223
836 814 232
458 438 459
953 217 102
199 985 597
220 793 530
948 197 518
144 494 391
499 274 952
734 441 640
703 615 673
436 787 582
734 589 959
544 770 223
774 265 853
845 943 119
535 541 994
157 847 143
736 378 323
314 428 536
709 838 130
322 191 609
755 593 720
172 388 284
169 135 698
776 304 447
766 980 695
514 668 836
255 253 351
608 742 256
217 544 782
700 922 978
479 815 531
900 258 689
537 422 537
790 869 800
184 253 308
527 571 682
418 169 661
303 329 962
157 464 567
325 658 996
520 692 205
536 248 126
769 204 620
751 443 610
969 980 969
183 997 438
161 596 786
635 723 939
912 486 311
676 239 841
316 355 355
949 579 469
601 954 602
659 182 942
883 776 245
866 676 374
147 339 648
982 562 385
476 319 922
993 296 152
193 483 129
815 412 302
188 312 906
631 162 835
111 237 675
651 847 346
130 512 778
530 522 950
793 261 327
407 273 265
176 750 892
830 344 235
443 433 415
357 149 432
590 567 216
766 427 151
464 950 352
915 832 890
172 644 752
276 514 846
674 553 992
839 517 157
309 366 492
951 462 119
295 533 770
516 652 818
133 655 362
655 854 122
705 590 305
626 432 916
981 928 939
172 204 665
612 827 263
1000 373 745
986 199 535
301 415 560
890 577 661
618 938 353
412 568 875
518 547 927
795 348 767
249 691 553
900 194 236
175 233 894
441 941 298
721 755 921
597 734 825
790 899 480
593 258 501
439 882 904
880 664 348
317 920 478
808 518 858
361 969 110
380 465 588
941 964 828
898 526 177
864 187 784
934 605 394
924 605 421
569 369 476
364 402 311
476 714 745
440 980 510
575 586 919
291 692 421
132 619 952
925 754 850
287 328 690
560 156 213
938 997 805
479 965 972
883 646 143
843 302 835
580 841 997
566 453 264
594 378 133
709 241 176
720 666 612
791 950 793
668 743 610
283 672 949
223 462 549
202 463 241
597 293 121
235 643 651
445 430 129
627 713 376
964 214 188
599 295 814
212 781 157
765 841 305
642 615 882
676 541 413
519 735 897
458 401 698
836 833 365
270 386 484
874 974 335
237 721 849
709 985 545
235 950 971
247 849 185
312 470 651
620 519 366
904 315 714
349 577 716
209 711 656
998 502 100
365 143 395
313 104 811
246 158 423
550 268 500
949 201 236
579 515 690
538 490 143
361 918 162
440 921 958
712 562 807
676 766 606
236 920 533
138 378 382
463 970 315
134 879 613
308 955 368
568 577 417
501 398 285
756 258 238
634 530 791
225 237 308
278 787 585
719 696 306
213 278 966
794 316 342
331 283 141
564 220 127
654 757 165
882 997 930
621 288 643
623 763 721
167 240 685
173 648 170
495 984 910
101 920 592
286 371 151
933 515 172
531 956 405
937 623 902
859 555 900
200 372 168
155 766 153
112 825 764
403 616 884
811 676 561
510 786 164
663 414 697
728 782 489
489 536 278
935 581 719
353 431 101
136 294 991
165 379 665
412 923 749
359 141 420
739 821 484
946 833 428
144 871 957
737 170 681
193 648 520
636 357 199
418 645 459
945 746 357
370 814 690
667 255 893
657 645 442
526 542 644
427 373 746
135 563 505
417 811 501
943 148 819
637 378 559
442 138 411
130 933 926
123 799 437
766 683 741
703 418 245
648 992 550
355 267 736
736 328 542
176 314 453
530 263 429
656 825 884
944 776 442
869 257 642
523 504 389
897 576 547
368 225 629
819 543 967
485 484 288
780 968 109
981 202 646
752 251 868
504 787 532
164 870 315
579 163 244
204 101 637
908 113 570
281 699 159
722 191 727
509 401 561
668 308 284
380 333 268
933 536 821
582 197 580
770 810 986
164 802 273
972 636 653
400 152 715
238 269 273
755 701 811
593 770 307
433 834 412
408 583 746
244 456 511
648 210 582
824 995 204
342 175 409
388 384 436
120 475 319
812 590 829
993 956 389
615 132 172
893 757 763
278 962 330
159 339 862
562 739 864
696 177 529
522 503 779
853 767 291
247 127 909
114 942 854
191 120 106
795 672 681
898 723 123
742 131 868
404 445 733
590 656 711
708 252 911
762 771 553
325 296 140
731 493 842
909 144 156
953 125 963
180 101 415
200 969 293
709 957 640
750 750 260
818 579 477
295 517 607
675 684 134
350 452 488
984 210 237
191 365 428
736 903 686
958 309 493
776 579 807
230 750 934
898 946 541
186 340 542
751 778 249
713 880 525
392 721 491
442 212 265
559 995 412
918 535 530
208 827 230
185 338 775
663 422 305
416 544 382
475 409 741
471 907 974
740 756 712
849 631 881
896 872 174
922 256 220
903 802 987
609 117 805
276 353 461
745 404 720
391 138 513
649 570 172
193 132 890
580 895 550
900 286 810
963 561 191
973 528 387
178 110 431
592 130 545
852 856 380
135 808 582
714 953 814
349 651 628
864 878 111
529 852 321
861 977 480
301 905 348
717 279 889
161 740 791
880 506 868
295 599 784
402 630 423
223 637 834
173 641 384
137 853 998
519 142 958
535 215 739
547 948 270
927 522 998
715 919 896
743 142 993
441 824 744
254 606 405
285 215 894
460 310 456
842 603 254
830 242 545
502 299 793
231 252 471
798 408 859
414 855 755
955 534 340
680 906 990
257 111 479
456 325 408
932 389 971
956 341 664
293 267 993
973 263 580
1000 272 996
613 985 401
751 578 614
322 441 287
380 366 293
151 581 522
116 827 925
772 996 477
849 640 703
216 347 462
103 184 952
930 774 188
796 283 709
606 580 944
289 753 885
418 329 350
514 770 557
131 214 100
267 412 531
180 840 394
934 358 487
687 705 745
371 424 795
523 803 304
199 680 289
398 530 688
125 160 266
696 244 763
289 250 784
348 183 102
740 930 574
709 333 406
738 712 404
566 660 819
473 168 171
909 718 698
513 339 203
323 991 938
327 762 719
581 675 780
651 296 254
803 956 474
969 568 806
594 187 213
434 254 111
561 230 316
579 591 633
326 482 705
984 552 779
956 800 165
307 128 963
676 847 469
572 259 791
182 245 474
576 650 278
261 596 863
759 817 886
823 722 777
470 590 730
201 387 161
827 758 810
843 288 320
259 791 258
278 973 719
547 321 334
694 232 805
202 469 460
772 983 666
738 286 311
287 953 786
963 159 645
304 861 443
953 388 135
569 655 729
330 959 605
454 401 418
561 995 901
310 786 748
576 426 756
475 673 924
638 542 123
483 192 210
409 525 670
919 999 916
934 362 495
872 512 774
591 835 813
548 524 358
141 267 628
578 525 615
149 465 128
883 287 622
946 529 873
691 453 926
613 115 785
343 532 680
721 384 677
235 726 771
264 903 974
746 583 440
563 559 864
115 312 431
179 790 492
644 900 575
755 917 420
884 371 608
149 243 862
749 191 497
206 334 637
402 464 832
485 986 461
592 658 956
280 593 206
921 779 331
150 805 509
839 295 205
541 968 962
691 999 790
931 642 925
789 356 548
791 854 462
921 520 159
455 780 707
949 150 662
724 645 409
738 363 677
400 410 884
677 388 146
547 454 226
744 883 267
318 105 819
647 105 474
844 231 853
475 962 181
822 918 522
428 829 371
853 387 655
280 347 371
791 751 122
449 857 741
142 691 529
254 943 596
831 499 507
536 771 625
741 691 476
456 286 507
700 899 129
874 203 387
339 577 483
836 329 219
832 418 427
567 823 856
241 151 908
699 320 184
245 178 691
523 481 140
711 240 825
877 691 408
219 192 674
157 510 910
746 878 328
968 843 536
290 719 889
142 251 794
902 321 377
468 667 740
794 166 384
355 516 347
474 354 367
180 615 138
483 152 978
375 736 403
389 438 697
912 228 893
564 442 824
471 309 646
339 371 668
582 835 556
437 348 889
543 965 347
939 599 453
741 900 754
587 997 728
548 548 590
125 588 339
528 897 958
320 387 335
634 183 436
983 924 153
160 917 599
607 809 409
624 899 422
622 895 202
511 368 348
300 408 643
425 653 535
725 249 743
268 522 399
236 133 805
102 170 651
611 497 373
885 123 622
934 867 584
679 102 846
680 683 279
474 581 485
541 845 631
203 184 551
958 794 941
555 348 421
475 901 612
495 888 726
597 924 270
151 278 872
324 423 358
219 519 754
367 646 120
245 492 986
215 680 269
512 942 487
346 968 561
982 859 468
888 110 474
569 582 662
811 334 730
760 379 777
737 913 387
847 385 704
785 453 297
531 397 511
580 922 758
679 467 418
844 140 564
271 566 359
254 682 395
143 438 863
900 151 841
672 897 590
185 806 533
478 943 142
762 233 761
105 398 592
709 873 739
130 448 472
144 519 117
845 462 552
287 267 129
667 935 395
491 979 283
956 884 706
797 622 516
978 783 197
990 733 569
496 405 803
216 453 636
913 694 235
329 602 487
622 704 280
855 690 162
283 237 519
401 490 648
471 144 917
164 506 101
222 880 892
384 306 828
879 481 957
604 935 735
704 446 994
896 774 455
169 946 705
335 923 160
753 464 967
382 426 960
343 564 585
900 863 575
462 440 464
261 780 898
872 951 840
885 111 889
994 290 533
528 498 516
561 851 728
218 487 817
795 546 449
154 574 460
163 920 910
138 901 773
773 467 717
768 613 898
151 774 301
104 844 772
528 830 639
341 842 791
473 457 623
739 437 748
999 267 563
927 817 979
208 934 565
583 803 425
616 228 813
687 210 128
167 557 537
282 474 328
503 919 403
847 604 705
991 630 298
614 300 480
815 916 908
428 372 472
418 775 809
212 243 923
421 170 861
895 818 903
739 713 435
189 422 529
215 442 728
510 236 450
663 992 293
216 799 367
533 130 426
783 788 464
639 422 756
337 985 171
238 794 871
125 355 752
872 239 276
807 796 313
265 748 574
648 108 258
623 520 505
232 403 707
830 457 322
653 858 256
592 876 622
832 612 592
657 962 708
426 760 718
553 949 985
903 836 840
185 849 302
966 268 933
478 641 939
820 666 317
537 435 343
475 584 697
444 501 208
657 535 603
595 707 467
333 311 551
167 642 610
635 810 591
113 966 696
823 653 985
420 194 588
122 415 881
931 408 237
412 189 174
549 644 244
965 457 333
877 700 643
892 219 788
148 809 150
345 175 816
776 332 965
547 708 470
889 796 464
422 829 756
617 891 618
714 899 107
475 132 328
737 650 736
251 754 529
310 534 999
626 525 946
778 192 923
229 977 130
305 506 228
276 489 558
805 646 224
348 285 928
862 348 928
360 203 786
999 431 818
978 175 610
361 839 130
436 405 160
260 570 847
959 934 925
104 822 580
857 359 194
482 635 392
869 132 998
334 338 982
311 691 619
400 775 237
175 628 636
548 324 683
843 259 822
329 631 480
358 851 575
345 937 152
316 154 433
577 940 519
252 599 878
921 887 422
156 146 269
420 513 512
132 224 286
559 437 270
1000 728 152
542 262 993
560 236 626
339 384 294
393 798 212
527 883 871
307 608 632
479 418 301
310 595 158
750 685 841
386 370 554
333 237 342
810 112 161
790 439 275
917 582 377
500 115 375
140 140 343
796 274 106
911 283 211
644 932 460
647 874 220
838 853 412
878 120 873
989 295 112
258 583 281
844 510 953
620 900 161
880 328 324
127 983 132
554 854 610
581 847 358
151 204 943
126 179 916
993 926 133
313 230 297
920 976 212
869 403 571
656 492 712
569 533 507
944 953 817
785 971 878
339 265 483
256 618 947
141 921 295
946 318 340
691 257 225
754 786 946
809 322 523
339 384 879
614 896 698
101 431 555
347 223 807
989 350 877
927 721 460
230 359 743
352 707 572
153 480 524
665 377 119
967 338 277
642 538 724
380 720 944
630 923 970
416 962 358
339 997 917
526 486 553
200 289 854
554 281 809
334 585 305
744 675 710
406 949 302
714 623 189
440 294 730
490 691 650
193 130 519
179 404 106
518 859 508
607 752 538
914 770 356
751 689 757
460 785 134
404 871 136
596 740 245
443 641 367
140 759 242
287 785 395
811 641 571
404 547 776
385 348 667
272 541 288
352 733 193
972 539 889
201 730 540
892 248 695
111 545 717
633 703 609
129 131 870
448 1000 650
577 572 190
310 131 482
857 316 515
973 376 526
674 249 647
276 390 635
560 112 742
399 247 618
915 570 783
457 748 482
781 852 433
245 699 585
741 802 321
585 711 356
935 250 278
780 699 622
833 510 139
774 447 894
333 446 150
992 396 551
408 429 808
545 676 466
291 729 379
261 778 430
798 941 468
495 663 738
868 814 789
330 405 423
347 527 897
476 586 178
973 296 501
519 114 528
673 877 307
326 579 975
781 197 401
730 410 707
237 412 822
885 470 312
132 296 800
737 988 145
784 139 965
357 728 1000
935 402 519
967 327 357
814 568 111
179 1000 506
177 456 966
366 108 599
953 656 701
145 651 286
903 457 727
239 201 633
265 906 943
700 451 558
131 900 790
228 960 764
614 704 323
865 221 295
406 597 758
192 401 629
790 929 539
587 540 407
896 466 102
160 146 773
578 733 237
666 871 587
260 164 400
506 933 293
646 139 208
854 766 511
316 592 519
394 823 967
310 667 577
894 906 365
490 627 678
766 646 416
531 459 409
899 840 236
964 297 805
203 265 151
442 987 345
863 791 645
432 408 180
924 409 557
500 961 941
623 783 860
968 437 160
366 489 357
374 652 474
984 470 785
360 543 974
287 868 248
559 478 612
671 618 333
563 390 264
220 241 887
737 316 765
783 888 119
418 886 920
254 294 195
839 761 168
332 898 740
837 267 993
138 371 685
211 527 846
176 489 635
283 881 655
924 392 912
214 771 602
294 768 593
640 250 751
657 154 879
447 688 259
400 448 438
982 434 986
141 530 792
509 699 758
675 390 894
912 658 281
905 582 551
983 279 186
332 130 268
660 336 354
232 429 718
804 104 192
940 163 342
479 495 225
878 311 833
270 236 801
818 909 316
378 420 180
376 746 964
684 119 850
550 756 261
400 304 115
623 456 1000
472 410 479
725 277 170
534 255 112
369 763 704
991 283 676
891 131 252
353 198 510
441 822 912
517 254 722
423 797 110
237 862 462
468 719 117
765 822 515
217 537 471
518 588 447
845 968 823
117 689 931
645 790 110
181 354 673
249 598 976
653 337 743
934 131 395
916 208 406
794 229 756
349 397 627
122 402 887
954 552 658
148 568 582
957 376 269
765 832 751
437 963 283
618 368 981
193 150 186
945 245 569
392 131 202
847 331 384
597 501 586
633 736 232
903 152 900
393 216 299
546 669 165
855 656 740
450 739 318
250 733 755
974 471 598
152 371 699
151 679 882
370 997 456
326 606 648
968 627 301
566 702 890
310 309 321
733 270 390
445 177 848
363 558 555
961 616 206
848 590 623
120 420 672
114 802 455
714 159 917
251 787 181
412 604 186
690 653 490
709 312 636
131 855 628
835 100 153
551 727 386
277 626 708
224 262 321
850 983 967
454 635 204
356 340 908
823 449 681
980 274 401
391 478 419
894 254 332
463 492 499
999 660 726
174 329 976
476 460 186
919 101 383
542 155 736
524 116 279
446 890 323
197 369 393
262 878 242
542 621 595
279 360 982
225 325 905
797 298 358
449 605 649
421 588 655
308 313 309
824 543 501
174 212 342
605 201 836
353 925 602
207 949 476
909 181 986
883 604 544
922 722 936
916 320 973
303 370 198
348 184 416
513 946 826
878 550 307
898 680 837
304 990 577
827 150 735
754 794 679
423 491 718
396 587 214
929 356 374
499 738 256
812 453 991
675 875 845
799 736 631
536 227 449
609 912 270
367 376 251
612 880 979
833 935 799
788 698 498
999 947 983
211 467 904
895 613 688
174 678 113
716 185 297
419 829 585
496 228 104
916 313 690
510 686 898
357 574 742
831 614 497
733 716 714
544 321 512
327 857 627
841 788 681
119 218 143
394 222 626
912 350 358
199 801 920
931 916 787
482 403 255
101 384 734
347 523 471
999 185 916
469 214 840
868 159 988
636 117 845
993 995 366
802 660 115
281 821 127
528 519 547
482 686 562
328 495 290
764 732 417
620 565 792
186 615 127
284 226 944
476 604 616
162 527 890
707 642 839
158 368 488
689 477 925
378 982 605
696 995 847
580 439 176
782 314 337
418 461 893
842 618 533
563 908 583
899 900 801
624 548 661
413 312 337
174 639 624
826 659 119
141 878 444
904 259 329
888 780 482
775 768 135
692 339 477
528 267 404
548 373 163
624 361 151
541 202 140
715 381 408
981 277 491
352 331 792
238 245 804
557 755 618
326 891 828
590 584 477
243 697 412
836 772 845
261 984 321
173 385 962
527 550 666
787 285 817
385 563 823
528 615 418
854 209 164
719 631 279
582 209 731
156 156 780
739 370 748
543 132 665
674 110 505
768 483 684
907 191 976
665 241 857
148 325 595
125 918 790
421 269 582
991 796 467
233 974 978
459 618 140
910 786 645
604 495 604
144 542 768
532 275 248
266 692 334
461 613 971
269 541 975
218 900 354
665 625 163
687 140 358
790 188 188
532 167 700
729 589 712
330 868 274
970 240 623
151 594 714
942 375 369
215 391 387
428 790 181
152 107 957
160 322 753
515 287 495
597 701 296
793 282 133
213 615 922
681 373 860
343 822 553
914 904 123
288 573 978
843 647 698
472 391 358
939 273 552
733 890 193
692 253 847
314 157 418
919 681 555
256 750 531
815 896 919
924 269 867
629 132 459
714 177 345
229 644 222
209 817 483
256 185 170
323 398 805
304 730 934
309 973 935
198 908 601
459 705 333
121 409 392
556 846 669
447 883 543
186 379 341
170 291 386
333 133 534
459 962 293
151 515 217
593 446 521
946 192 674
427 336 300
421 896 715
499 888 728
293 903 713
933 935 670
591 880 945
845 931 671
683 775 289
196 125 306
108 192 952
530 484 750
201 153 828
953 691 213
103 532 420
711 187 389
739 283 959
837 416 313
238 984 523
892 814 415
653 542 818
925 992 815
538 552 467
675 982 429
754 112 504
213 823 656
414 207 945
972 416 496
290 996 478
254 752 266
668 980 543
843 449 645
800 269 997
817 491 598
353 706 722
291 305 270
510 211 453
430 477 427
926 810 864
728 907 336
663 250 393
762 741 292
275 939 322
547 587 311
652 693 772
913 525 195
401 829 467
159 452 302
919 621 964
574 634 741
452 344 855
867 187 298
691 320 482
912 599 917
629 186 367
674 507 764
767 856 367
469 684 876
485 820 243
842 218 753
788 282 686
420 376 255
918 919 334
943 280 702
945 201 847
955 993 301
228 163 890
223 788 519
184 963 247
860 177 967
702 836 403
674 568 702
724 128 794
473 386 533
202 398 873
499 815 197
680 141 920
712 254 411
531 770 226
821 923 554
367 273 407
422 677 651
801 441 639
986 436 570
781 369 746
214 104 904
275 615 993
597 961 217
141 621 103
951 976 852
929 643 762
806 717 503
167 285 839
776 199 315
579 231 374
646 186 198
814 871 349
164 422 362
784 825 743
898 508 580
498 212 267
306 805 165
397 152 307
104 649 133
861 902 824
890 502 491
142 417 234
809 766 829
510 674 221
109 688 796
442 606 151
622 125 440
547 303 594
358 907 841
906 663 759
924 438 661
708 233 873
767 586 474
951 977 238
190 143 584
474 104 209
576 710 752
422 665 631
571 422 653
246 342 500
839 408 311
741 903 501
179 388 236
466 158 396
835 493 342
179 753 253
661 130 779
154 308 354
718 330 454
621 172 971
498 781 397
326 510 829
273 609 709
754 622 348
105 342 571
854 243 857
787 561 995
374 696 758
786 384 897
319 668 576
402 126 330
853 538 618
680 538 644
102 710 932
632 677 456
809 780 989
277 966 426
741 436 216
707 611 934
997 899 771
205 449 535
927 538 878
318 586 772
894 801 381
909 121 403
453 243 992
155 463 730
532 683 110
652 933 326
234 998 801
462 539 344
429 724 891
786 310 173
116 101 442
387 288 491
721 373 201
787 394 458
435 951 509
813 590 250
344 273 339
316 984 854
371 294 842
577 449 360
890 508 495
465 432 307
578 725 395
981 371 309
841 507 211
860 369 297
562 463 116
401 194 770
798 982 482
149 466 420
144 937 651
762 818 837
561 986 798
651 294 545
761 994 920
325 130 545
926 738 990
106 941 737
128 585 366
329 464 226
466 634 866
878 792 837
535 601 163
823 417 433
572 784 899
629 540 982
356 611 171
531 246 709
973 282 102
473 752 737
870 355 256
734 779 391
149 574 775
969 563 734
325 221 995
182 376 759
183 557 367
437 376 414
576 180 722
522 377 865
696 483 340
339 781 139
552 708 730
268 224 903
303 649 960
266 228 741
419 556 997
806 393 247
547 117 494
726 748 309
856 966 376
912 442 748
496 568 600
438 250 265
865 902 684
393 948 871
889 864 347
914 453 132
406 851 181
787 675 529
652 996 727
626 185 829
980 968 117
446 843 372
896 985 916
186 291 281
457 349 260
299 121 377
428 991 134
361 855 382
805 657 205
500 791 128
985 193 414
540 940 451
212 832 429
319 695 636
708 804 412
496 445 796
455 991 315
548 338 854
837 787 209
556 875 169
708 981 116
694 828 741
210 620 537
226 509 943
117 899 573
209 310 272
792 842 981
175 713 113
463 193 183
450 678 150
437 591 936
410 897 580
538 608 400
569 617 519
123 241 783
348 990 735
757 133 561
689 312 714
221 513 468
825 871 345
842 893 556
899 408 631
118 502 685
771 489 553
859 291 711
657 861 351
313 229 539
694 500 165
587 210 583
747 975 947
875 206 237
767 998 616
625 166 166
947 965 279
367 141 221
951 822 853
753 862 442
942 381 550
141 328 129
515 577 738
855 508 482
989 819 263
811 850 635
634 625 777
150 164 909
152 760 822
883 900 148
306 529 441
827 100 841
797 794 326
346 783 749
175 695 927
623 526 977
291 640 784
982 304 232
458 322 178
424 477 388
157 405 717
736 608 558
175 736 855
151 394 485
230 221 409
864 475 848
787 895 470
511 800 797
332 732 519
859 170 546
586 769 633
997 426 520
673 180 195
154 725 304
900 157 205
545 290 357
849 207 495
155 615 403
634 691 569
353 376 925
741 334 333
531 540 785
701 996 346
377 864 584
382 316 959
898 256 829
552 531 136
559 941 706
150 998 799
857 281 456
925 664 203
207 253 154
274 480 896
758 982 830
439 788 690
335 946 257
608 589 984
495 610 812
341 613 745
592 943 611
101 432 446
604 543 522
135 969 727
452 366 171
249 426 120
345 311 920
739 590 877
314 445 367
187 264 354
711 302 601
365 169 165
932 823 646
305 136 835
518 676 296
776 657 998
272 533 290
962 708 567
531 600 850
781 618 271
134 779 103
774 861 405
512 970 152
960 644 655
802 283 779
119 613 247
475 355 246
883 203 586
211 577 725
912 186 707
871 343 474
419 976 142
323 776 536
547 501 835
471 660 936
685 117 571
350 670 495
413 441 645
690 883 873
799 577 502
468 145 450
757 210 140
712 466 942
225 700 659
163 692 191
550 112 295
917 714 346
362 155 488
471 949 779
986 845 207
759 646 659
351 913 719
683 182 325
358 315 668
819 716 174
643 552 587
581 789 286
284 840 333
187 701 845
910 372 582
234 574 326
500 905 261
247 781 410
304 192 872
640 754 163
281 499 962
332 426 122
992 618 919
994 767 269
741 202 887
906 120 356
401 457 402
224 884 484
370 563 154
956 245 742
800 513 462
613 882 387
280 963 278
178 616 923
784 580 372
944 394 847
584 184 593
710 430 883
277 567 128
214 306 826
297 367 326
838 351 257
386 326 208
415 697 958
309 170 159
618 334 173
889 612 615
267 849 547
200 541 790
623 866 707
407 849 683
940 128 875
596 394 763
247 465 333
260 597 159
639 656 213
350 690 971
520 211 262
706 356 428
154 788 386
402 579 627
133 867 526
272 321 460
542 199 837
986 998 905
461 469 297
874 681 309
546 944 843
563 912 124
596 597 420
896 891 795
699 372 657
906 503 140
247 286 443
768 944 854
848 695 807
417 565 356
531 141 606
286 884 444
817 942 203
108 1000 966
464 231 292
339 205 680
760 810 667
337 320 194
179 336 478
716 369 539
425 861 362
471 262 224
555 992 189
400 704 428
908 317 164
628 882 110
300 735 801
418 394 365
577 603 627
607 484 716
830 142 735
142 466 422
823 503 875
798 961 995
876 268 267
408 244 730
694 768 280
847 401 916
929 134 397
474 717 302
689 589 344
700 965 693
365 775 367
681 541 683
754 468 909
319 298 512
985 456 750
607 457 300
628 321 754
264 309 882
392 838 591
586 264 497
916 972 680
867 168 513
185 815 238
186 501 848
900 339 111
698 538 284
888 138 436
921 480 408
752 901 228
497 168 853
612 882 746
910 823 267
849 720 772
905 102 175
499 949 497
927 507 815
255 727 465
837 485 506
803 841 608
104 579 583
230 479 930
508 966 372
315 943 505
871 322 537
412 333 919
791 661 978
587 371 235
341 684 116
676 204 711
796 698 865
444 310 772
134 173 737
876 858 781
428 668 992
265 953 635
493 255 374
997 498 513
801 667 738
635 651 981
250 415 263
392 934 627
537 505 740
283 476 387
272 770 787
267 113 593
671 303 568
135 105 676
778 704 996
521 593 578
528 421 163
642 490 247
718 988 457
443 575 437
433 486 839
373 959 205
256 211 987
241 731 661
538 242 590
333 519 685
137 702 236
929 867 611
767 682 451
321 848 692
420 193 475
515 778 218
818 591 781
991 970 120
786 587 710
564 616 960
919 469 962
964 910 145
773 227 397
584 315 336
814 744 164
821 525 539
436 962 189
257 192 344
714 133 634
764 316 599
193 546 879
841 568 513
439 568 380
787 795 302
381 807 278
575 697 621
431 242 839
664 532 626
584 746 744
913 662 132
295 517 325
449 635 114
997 409 895
867 728 814
720 302 995
929 914 204
496 483 682
999 180 527
341 532 128
656 682 719
122 867 449
230 605 589
748 116 756
473 377 619
513 197 161
856 901 713
190 316 873
841 130 961
537 474 552
494 761 744
276 783 548
551 575 992
869 595 395
312 246 319
970 517 749
539 389 498
724 712 302
592 888 447
506 268 390
192 383 391
882 947 448
695 811 766
525 614 750
356 754 134
126 567 399
456 342 419
308 979 534
415 717 259
523 128 780
105 931 597
459 801 401
128 754 709
330 139 521
564 930 693
717 306 938
341 317 705
408 245 404
276 644 431
158 655 895
396 245 750
724 964 283
444 698 489
663 417 684
590 517 759
185 776 774
749 306 815
983 283 513
620 404 237
304 229 242
349 438 248
360 400 870
163 894 601
966 202 247
900 692 674
355 843 960
851 805 142
711 536 417
987 899 523
808 343 702
620 857 865
524 690 453
665 957 458
646 991 817
561 321 866
886 749 926
569 627 123
547 944 719
794 924 609
151 981 453
312 699 476
995 749 598
895 525 921
575 735 289
928 225 852
517 582 745
256 438 739
544 473 599
349 136 552
376 548 107
376 493 436
974 431 594
847 297 150
140 980 685
208 943 179
573 252 511
546 430 142
980 358 570
967 451 293
364 901 482
235 153 141
109 946 107
261 151 771
282 228 815
534 431 420
562 570 255
726 400 463
685 374 592
440 112 890
259 640 749
327 729 836
283 322 586
370 488 458
858 620 746
546 869 964
208 305 325
312 780 481
106 760 680
988 269 440
988 117 358
327 151 644
692 935 750
671 572 946
321 641 943
375 626 718
467 385 301
295 965 278
909 595 966
293 918 236
985 660 921
782 640 632
912 212 482
704 655 314
944 770 777
948 694 237
393 906 454
139 952 447
389 284 693
661 224 955
872 378 959
426 377 839
937 666 499
160 401 645
745 802 565
485 437 740
781 579 748
880 765 902
791 457 316
144 906 130
321 785 753
622 507 800
856 538 742
459 333 726
612 662 719
808 677 154
120 881 695
267 222 696
688 877 172
944 595 907
652 957 490
294 429 229
700 265 803
193 480 779
341 580 261
933 342 342
518 327 781
185 747 207
190 974 576
438 455 859
844 240 838
189 311 386
938 255 856
636 808 985
478 649 317
475 954 876
370 200 729
398 358 153
733 436 276
461 276 659
306 292 666
626 239 827
730 448 589
294 658 603
961 964 419
462 298 864
474 988 736
815 771 437
276 856 527
522 242 859
984 100 402
956 418 611
430 937 666
292 222 763
112 627 555
767 932 379
293 281 835
221 928 158
309 560 413
914 716 549
962 451 589
543 192 187
729 127 872
936 350 753
387 714 529
832 373 536
187 152 902
175 980 637
289 951 265
385 602 636
576 127 950
431 255 930
506 488 472
654 855 480
818 797 702
983 737 285
777 225 776
594 128 829
112 275 772
155 174 700
509 651 853
729 210 132
921 934 299
477 762 488
103 683 326
688 805 652
385 237 935
934 716 760
155 112 422
191 257 519
722 183 852
551 390 327
354 795 641
632 607 706
817 919 548
935 966 121
977 172 224
573 859 700
362 869 382
922 947 393
361 102 302
889 380 464
859 663 886
761 348 147
663 202 603
214 415 648
471 397 291
782 288 333
973 840 321
166 663 259
122 681 351
801 518 689
504 680 980
178 239 984
387 728 644
966 760 510
851 780 547
241 819 715
444 602 885
385 668 985
490 135 541
729 675 214
663 926 439
393 192 487
167 763 521
984 692 657
346 987 103
383 741 319
532 216 347
582 364 746
571 502 827
977 785 471
810 113 164
569 344 966
987 557 237
509 147 477
711 173 336
281 219 434
686 862 800
774 705 247
758 704 649
612 919 918
921 195 529
729 904 624
556 877 889
548 871 875
330 657 482
564 235 436
364 673 401
267 819 952
124 221 672
681 391 719
421 858 395
673 444 436
813 718 210
169 619 502
775 542 577
486 953 341
797 157 648
871 726 858
352 456 118
529 851 581
979 948 728
983 373 904
165 447 947
864 882 519
547 554 395
290 790 379
958 185 722
326 158 791
925 951 620
485 235 801
719 644 575
739 400 783
731 358 625
773 768 608
266 956 904
291 910 627
917 244 996
764 773 630
203 525 694
566 774 978
805 654 874
646 244 883
932 387 336
459 775 783
660 851 720
391 671 441
877 309 854
659 326 769
724 196 659
399 332 119
849 471 263
896 487 396
802 790 756
543 335 977
971 300 218
614 455 403
306 106 669
799 428 527
805 637 136
898 458 654
671 672 128
898 708 993
450 146 772
804 194 108
610 746 512
637 902 876
791 893 639
217 443 791
736 802 558
252 975 100
285 423 758
438 918 757
214 850 210
883 670 353
695 138 287
732 761 380
204 852 579
671 917 709
415 184 989
761 689 646
618 797 401
621 233 172
243 203 212
831 132 410
923 323 347
235 965 303
229 991 546
743 554 107
187 780 674
966 629 552
572 734 396
352 956 568
946 975 783
954 204 937
405 755 100
154 838 519
991 380 515
981 663 605
131 137 442
558 943 917
721 481 860
895 872 886
406 771 758
501 395 483
944 341 155
640 187 276
491 332 464
597 295 746
821 864 506
606 332 798
737 257 688
642 853 705
477 708 994
636 255 917
652 304 698
172 995 273
858 238 590
936 685 768
668 209 724
721 836 172
108 465 777
398 292 383
158 599 173
561 151 829
177 978 224
591 122 568
841 117 749
121 423 881
191 750 994
867 245 621
951 595 425
844 226 842
507 141 289
667 579 413
558 431 391
139 512 423
482 612 301
468 788 274
405 389 110
905 263 526
195 605 269
564 388 476
277 957 891
216 108 659
503 454 681
431 845 137
686 616 408
287 870 808
389 169 297
840 530 896
916 860 436
628 531 905
428 996 683
166 866 808
926 530 939
647 655 629
732 128 965
958 807 527
588 138 357
933 759 636
251 805 993
880 251 828
613 901 306
666 936 916
900 796 493
923 590 633
910 771 727
833 927 825
223 991 310
453 845 760
591 780 157
282 677 928
654 158 107
397 492 879
891 379 1000
204 408 447
707 653 716
559 626 935
352 917 566
873 644 955
460 390 688
915 171 457
636 327 173
571 689 363
103 953 926
592 223 264
587 280 616
716 152 581
187 742 514
148 267 727
547 245 752
831 172 122
320 790 427
491 729 387
564 108 306
492 303 501
815 190 694
607 925 884
362 131 489
907 497 157
838 432 580
746 431 802
704 550 564
271 642 632
228 113 697
471 664 940
182 240 495
681 675 939
130 827 347
545 601 785
241 287 526
722 711 797
362 583 643
490 720 376
779 747 225
515 994 377
669 710 542
227 972 665
653 504 378
665 473 889
260 332 394
212 890 600
475 747 507
260 709 566
204 290 483
133 813 475
276 687 436
730 960 361
792 378 572
853 993 303
557 459 113
741 850 852
164 737 356
427 469 925
854 612 319
984 588 430
767 335 869
362 466 712
337 867 618
617 608 734
289 241 276
476 910 877
945 730 683
533 328 259
572 315 335
301 493 997
930 980 237
826 218 565
137 469 924
195 760 634
950 175 371
512 403 293
405 161 747
558 973 286
364 298 428
792 825 881
196 494 700
294 614 874
428 102 226
183 602 813
762 165 680
891 935 537
760 189 961
554 324 951
645 610 300
554 603 912
259 183 269
344 697 594
258 663 738
618 533 344
964 937 943
794 150 595
101 733 365
623 164 120
248 506 165
274 424 795
596 509 243
226 115 299
491 478 525
656 810 569
904 998 251
496 294 390
720 331 1000
557 792 628
269 222 268
565 331 531
722 820 173
995 368 858
821 475 996
397 893 270
947 820 392
469 513 677
636 545 798
964 511 574
867 387 987
697 170 873
332 517 950
739 775 679
155 547 998
535 333 469
793 325 353
880 823 1000
858 542 649
169 239 558
996 842 311
204 518 562
618 792 281
281 324 358
389 938 264
176 924 369
197 585 485
731 322 171
987 862 533
160 417 859
317 438 310
943 817 798
409 154 436
766 682 197
509 567 903
273 697 726
539 598 832
761 564 704
860 488 290
758 539 893
943 791 754
448 283 306
218 368 674
761 674 556
803 254 894
286 237 381
612 437 624
134 766 128
632 585 546
709 441 284
178 903 506
577 689 604
802 161 621
379 803 281
996 718 491
577 292 116
831 655 757
187 631 222
317 437 809
757 215 909
221 746 224
216 241 163
903 404 325
527 899 317
922 319 584
721 239 342
849 753 648
750 715 792
174 490 129
425 273 485
295 843 735
679 922 739
752 973 746
484 496 401
584 412 952
797 968 205
213 746 926
179 234 836
497 167 442
670 326 235
905 538 117
744 824 474
645 543 696
348 485 261
401 964 969
626 398 775
311 329 878
133 548 618
330 506 352
173 685 280
274 763 966
276 488 768
595 321 528
644 708 960
541 617 677
537 541 332
902 832 685
458 575 460
150 921 378
440 889 184
911 211 406
596 845 622
307 516 563
640 686 922
819 584 869
513 511 533
520 500 273
767 253 967
501 504 503
849 993 121
214 850 428
611 289 469
904 412 816
177 770 479
592 507 374
992 840 775
828 889 979
634 492 968
400 113 288
129 574 284
200 965 825
378 209 590
282 483 500
418 922 393
963 226 323
366 963 453
792 535 450
980 511 385
413 962 170
484 453 395
917 309 986
630 862 621
956 843 241
871 398 489
664 555 181
859 899 434
910 943 444
675 116 857
129 740 113
321 495 109
183 521 170
556 778 106
901 674 474
728 840 447
973 500 200
281 767 374
128 521 830
394 848 808
274 672 831
155 263 824
886 986 162
469 320 587
985 752 394
591 478 749
390 433 594
330 386 122
245 493 124
797 777 447
638 256 847
121 788 646
907 951 962
230 888 826
758 168 571
379 881 368
962 800 450
771 387 523
624 582 159
536 816 165
142 707 840
341 127 989
166 865 740
226 982 737
565 107 944
104 235 849
236 396 253
974 703 583
858 255 407
276 154 945
333 343 754
846 797 699
742 174 108
395 861 191
232 294 429
159 566 830
904 268 831
163 415 544
421 365 471
187 723 142
698 363 118
494 769 184
400 577 418
696 116 396
475 816 548
104 932 146
755 136 919
216 473 448
421 455 182
395 100 777
181 324 688
740 435 540
513 283 747
787 778 221
495 563 630
656 786 209
355 697 925
323 131 602
741 131 831
688 440 254
690 971 143
402 826 799
525 418 146
265 762 524
440 305 972
591 325 883
694 121 115
174 191 147
305 668 299
895 290 952
269 899 851
394 322 587
991 327 988
977 160 134
598 282 795
664 641 743
317 495 370
754 766 154
420 409 184
560 179 585
590 616 721
783 454 608
116 264 785
359 476 339
524 814 625
659 909 300
584 891 447
806 264 712
899 527 465
266 772 708
514 212 597
218 208 135
715 270 855
189 639 135
606 285 286
164 830 930
797 423 580
800 916 519
986 926 560
900 336 892
286 309 518
645 837 278
985 569 385
789 659 604
966 927 131
532 268 420
178 991 143
897 623 771
535 506 882
175 825 806
784 963 209
831 758 430
914 689 416
581 902 185
503 392 739
919 281 712
698 598 626
314 420 187
712 686 801
586 655 777
260 838 939
387 353 364
228 272 316
927 706 414
820 269 541
589 391 166
487 601 876
279 424 947
285 454 351
817 906 609
481 750 568
624 615 922
632 251 490
507 825 874
808 333 465
614 146 996
733 479 756
545 534 159
882 164 968
102 795 572
942 902 195
983 591 837
987 452 111
108 837 872
551 921 906
739 685 108
108 655 496
913 799 673
847 508 653
233 640 259
125 708 390
120 218 714
536 291 798
667 188 228
651 112 919
855 298 514
139 416 691
231 126 883
653 820 589
582 632 908
656 168 422
432 333 471
987 959 197
859 341 771
868 833 753
288 329 465
838 114 217
757 998 984
242 307 527
728 381 969
247 253 796
786 959 979
403 132 410
703 135 900
869 927 678
998 936 454
285 755 850
847 984 1000
331 686 331
178 399 488
319 261 815
854 210 714
973 375 894
956 825 645
906 122 145
854 392 283
908 793 331
328 930 524
886 307 457
546 325 583
1000 991 177
972 346 587
362 478 405
876 606 400
746 902 477
165 998 616
524 346 281
109 320 853
359 412 739
408 384 125
690 123 555
212 380 405
656 647 342
762 423 427
611 524 923
