798
968 558 201
306 873 573
318 908 613
963 435 228
551 479 571
410 225 186
461 908 775
764 820 935
760 974 876
805 344 820
489 443 648
496 369 586
726 255 624
781 461 710
816 775 422
775 243 437
872 807 624
595 998 140
154 372 614
311 136 965
573 869 167
525 334 884
982 213 529
497 825 420
250 133 492
840 900 843
626 574 350
286 473 904
127 777 960
594 563 808
975 369 761
341 871 958
107 379 183
708 762 425
250 562 850
566 124 115
718 155 806
879 405 265
590 261 899
840 815 319
645 564 983
459 751 924
505 161 766
536 598 960
753 252 595
137 134 355
447 831 365
331 491 277
759 574 450
510 299 770
809 653 584
793 254 235
971 942 132
734 351 328
752 696 553
534 247 647
290 258 532
838 963 423
442 948 961
412 122 200
284 607 304
572 631 124
919 310 569
122 756 832
398 929 466
621 514 141
544 785 993
142 771 357
546 581 880
823 390 562
610 752 867
566 673 715
365 883 362
599 194 543
573 284 531
143 760 851
897 722 663
430 910 254
585 369 361
483 625 294
112 914 470
284 486 242
651 381 882
126 594 366
242 416 167
300 504 301
198 445 710
570 636 715
793 944 713
693 215 828
254 907 946
341 788 272
551 696 919
839 525 656
326 445 527
858 1000 116
284 633 551
488 887 909
172 752 483
959 466 275
492 963 421
410 361 767
758 536 812
549 453 996
110 738 115
875 473 794
260 456 885
285 150 927
602 686 129
409 831 674
432 678 174
632 335 871
419 615 761
260 676 536
178 898 761
290 379 550
660 367 308
939 328 981
249 113 261
886 441 262
629 766 225
884 155 946
264 467 974
111 746 814
455 319 485
856 282 529
944 329 142
318 498 713
354 115 142
556 772 763
778 912 240
974 520 162
711 689 160
963 794 677
415 215 812
941 372 653
914 954 206
292 438 439
777 102 275
396 909 995
206 701 181
391 903 811
945 995 715
848 741 539
149 450 922
127 764 427
970 908 833
312 498 923
262 183 519
284 606 534
156 369 957
560 905 909
943 991 603
114 166 552
129 382 343
848 885 397
523 744 352
581 811 890
512 658 278
126 412 451
462 615 898
804 649 124
659 714 856
709 808 757
268 133 169
994 626 649
256 963 118
387 204 940
188 919 351
964 736 244
696 773 569
987 131 322
637 481 153
961 123 775
376 938 498
881 477 963
274 460 131
245 573 753
255 860 219
242 666 536
335 142 883
339 791 349
728 369 509
285 463 819
522 407 828
306 565 335
648 991 391
134 895 449
908 787 642
506 435 159
189 355 739
941 670 943
210 478 469
440 923 978
585 419 951
901 829 219
879 657 122
992 902 410
719 603 494
821 978 627
143 222 924
339 398 154
868 876 351
307 883 617
679 275 467
137 528 437
347 588 471
112 119 907
186 562 946
629 768 758
473 390 749
169 570 533
333 336 700
561 228 671
720 316 154
941 222 279
789 624 905
918 809 932
159 335 363
118 128 686
730 888 785
330 172 329
588 950 433
361 809 336
714 186 805
896 194 455
401 956 231
938 991 371
935 273 161
130 153 286
364 171 689
659 942 645
298 181 378
951 936 451
401 174 503
379 638 714
674 360 557
400 613 816
289 543 892
285 265 254
118 754 144
155 953 777
225 497 784
808 293 962
819 125 884
467 214 364
796 765 235
132 361 661
270 420 565
573 191 111
416 214 275
867 965 490
383 121 826
665 586 272
786 485 661
590 563 791
915 534 753
805 448 486
830 664 429
366 194 459
175 344 896
192 399 754
643 924 141
191 244 349
147 262 413
814 154 298
777 817 239
197 209 334
160 230 145
602 734 381
814 687 212
515 181 221
290 714 368
294 336 147
381 516 911
977 187 407
998 740 442
585 146 793
508 985 886
114 900 916
156 303 804
496 876 827
275 539 928
701 159 790
418 677 247
552 516 188
934 569 722
745 789 447
663 428 654
984 464 325
699 888 600
130 623 772
866 106 711
405 171 839
353 960 793
255 236 676
625 329 375
129 986 901
178 867 332
839 796 855
579 880 624
511 501 729
319 952 794
553 492 162
459 454 243
447 131 854
713 337 224
449 996 652
590 375 418
429 267 782
208 587 657
516 978 348
774 330 807
624 998 199
292 273 981
429 283 163
663 249 126
134 858 851
156 276 385
510 870 356
591 772 401
814 405 848
895 107 853
442 311 692
211 568 961
729 568 631
757 801 625
102 770 311
748 710 394
705 979 156
815 774 770
865 400 517
991 613 729
153 153 365
781 251 153
527 151 495
158 215 857
655 559 209
281 568 715
576 586 275
174 169 177
521 376 662
349 337 828
646 526 462
414 829 338
757 511 998
544 751 612
426 934 300
768 556 929
161 323 100
369 465 901
588 723 551
450 836 905
111 277 326
406 592 110
230 872 498
113 895 431
475 212 330
737 699 341
591 991 901
397 458 888
234 844 887
456 542 560
639 128 739
608 582 817
559 386 628
132 425 328
645 912 985
373 236 890
355 285 296
538 742 121
536 898 247
639 291 507
246 332 120
619 522 431
638 167 318
960 320 319
327 883 260
925 441 422
730 729 686
289 940 145
872 633 360
860 584 798
823 240 399
361 979 489
733 296 246
882 242 364
685 703 759
384 689 300
185 378 605
645 794 721
487 745 359
359 822 172
586 294 384
996 502 784
560 531 163
969 440 969
856 668 293
429 351 147
842 216 571
203 499 879
701 293 865
316 275 101
898 502 668
751 444 670
263 861 958
778 276 867
738 872 466
791 724 495
844 226 490
931 590 550
987 568 712
774 700 761
564 364 947
856 376 634
322 280 431
503 213 919
205 783 352
470 783 310
191 726 611
417 912 285
877 920 518
335 168 987
970 714 409
832 589 390
719 927 258
864 877 348
209 555 166
658 941 289
473 230 102
603 756 812
962 809 611
969 678 750
828 445 113
185 114 734
810 260 475
825 879 911
333 857 283
301 531 612
826 835 228
317 763 302
377 427 672
188 943 939
854 478 467
308 155 557
182 188 242
407 481 365
856 585 822
888 502 379
687 761 976
422 277 976
775 231 797
762 286 147
585 217 791
125 865 261
115 296 733
487 993 685
694 553 899
114 428 976
478 592 523
784 310 365
490 992 680
453 808 128
826 888 155
102 778 358
238 345 451
881 799 554
614 210 867
800 525 420
771 641 908
329 359 323
662 231 891
955 502 827
605 725 175
320 527 134
831 392 899
858 240 734
265 120 509
1000 774 130
384 102 321
825 266 356
847 633 619
483 582 894
594 240 534
353 669 578
801 610 852
552 745 856
631 652 820
285 785 736
305 349 979
193 475 808
842 748 103
155 910 771
617 312 745
395 889 706
980 552 178
383 587 299
508 180 844
837 885 778
900 533 933
356 164 347
895 583 612
379 251 201
757 270 622
985 625 944
691 736 878
458 528 790
935 371 763
698 153 809
841 347 143
163 376 598
227 156 399
743 799 423
332 689 981
350 112 211
808 876 695
822 382 975
183 187 253
404 480 776
714 564 828
453 471 667
755 561 363
485 260 470
845 647 351
433 202 275
430 233 406
141 833 462
133 865 823
502 884 638
374 170 775
805 226 928
873 160 281
826 570 811
263 959 984
434 187 277
207 530 332
453 647 563
990 971 289
238 690 159
995 468 272
335 889 720
949 760 420
419 907 800
939 703 884
398 662 929
404 260 232
173 422 801
385 352 512
934 400 832
590 723 460
676 612 318
679 373 261
718 978 360
510 193 202
155 716 528
957 564 407
994 368 670
527 284 144
833 867 129
788 690 912
139 726 419
794 882 299
999 541 853
700 201 151
781 943 145
568 959 766
126 511 844
624 850 595
989 910 951
441 405 915
892 993 564
636 904 832
378 539 565
645 825 151
875 970 674
981 431 776
867 590 767
887 571 468
874 730 933
260 941 975
488 486 377
872 626 435
208 497 137
116 877 371
399 278 133
724 858 927
843 325 922
464 456 678
335 896 607
544 299 399
487 550 208
614 846 715
569 367 844
127 309 540
413 879 122
751 910 532
991 739 680
623 290 875
171 389 343
841 232 366
579 572 671
510 373 946
521 306 427
190 819 233
957 109 170
273 781 102
423 173 826
925 927 918
558 218 391
679 444 537
237 797 270
501 692 252
246 297 739
389 757 942
238 209 229
751 492 458
315 856 132
564 516 988
614 412 730
955 256 412
691 858 105
241 600 189
568 626 250
959 909 853
445 697 876
687 451 963
640 198 531
620 731 908
794 711 885
629 258 125
922 641 664
886 682 652
727 553 262
727 339 199
826 885 795
900 483 488
417 314 719
145 759 123
416 899 325
901 763 919
173 680 550
241 318 127
681 409 884
211 651 964
195 232 885
848 815 542
243 255 602
486 364 753
431 710 174
331 565 941
122 196 196
746 168 514
639 806 816
906 331 751
981 275 561
651 617 984
810 638 595
215 479 630
751 399 689
839 986 137
225 289 872
615 383 443
287 518 762
289 253 486
917 302 937
998 974 323
767 427 615
793 852 671
271 646 158
947 235 140
863 629 319
496 515 150
611 150 597
608 805 985
668 712 939
432 201 540
497 342 726
877 967 753
409 385 201
811 278 197
919 198 641
492 766 159
867 299 639
838 609 497
254 660 862
403 275 310
211 157 626
279 809 348
699 804 429
780 718 403
545 749 931
447 760 893
539 837 289
145 592 192
126 179 443
835 781 237
882 320 613
530 930 518
476 884 675
293 917 324
791 748 116
983 759 882
546 448 334
368 773 846
878 945 565
995 989 432
868 930 362
292 556 302
583 885 350
806 125 386
944 820 853
670 717 520
863 917 435
960 834 544
140 693 329
684 894 310
621 642 810
273 607 539
373 111 747
723 929 748
193 241 707
228 369 922
728 869 498
851 954 655
416 161 290
980 581 515
775 569 603
762 215 693
204 513 287
564 546 376
342 826 863
104 113 883
331 755 736
344 220 949
488 194 885
945 646 226
549 273 228
656 569 490
130 622 208
247 675 196
198 507 712
420 862 346
365 878 527
501 945 934
627 252 609
471 848 529
410 900 921
956 882 863
937 275 809
293 355 140
387 816 159
703 110 459
613 563 586
422 129 579
319 711 147
920 179 226
940 898 439
170 785 374
559 516 980
140 898 556
160 256 813
894 428 977
548 476 140
836 812 658
783 678 447
988 717 241
272 199 420
934 307 412
567 165 660
451 973 108
862 729 676
123 670 598
687 735 834
502 621 312
774 489 999
263 855 505
415 196 327
712 792 314
866 574 621
934 557 471
607 625 261
102 786 185
766 872 768
465 437 944
363 777 390
500 164 212
393 954 463
986 529 212
454 589 188
735 798 640
848 866 578
788 745 135
757 805 187
717 334 775
515 655 387
970 363 187
929 1000 809
353 856 673
