50
165 821 283
512 352 899
732 274 218
150 911 289
198 867 980
182 730 487
766 200 276
989 894 767
538 584 925
987 796 798
950 952 900
652 683 564
858 403 449
405 563 374
588 100 860
843 238 876
864 881 676
626 367 104
704 104 464
885 983 223
761 574 732
570 268 891
170 919 463
683 539 951
857 758 656
607 378 264
546 183 495
757 708 657
996 920 855
366 529 962
802 567 669
591 577 270
992 938 144
992 460 153
166 460 822
208 794 967
813 1000 584
877 887 727
499 452 635
239 570 291
371 775 130
401 584 780
328 937 422
595 392 740
209 247 148
317 844 419
106 770 592
521 768 631
503 325 538
124 477 106
