100
213 689 644
718 842 949
236 266 923
575 504 256
580 554 948
452 822 867
337 145 180
602 987 965
827 251 238
653 107 989
280 132 899
232 680 406
565 340 374
260 570 100
462 358 479
213 158 840
950 697 611
689 546 526
220 614 598
656 570 719
742 191 290
894 517 387
916 752 970
507 485 140
885 733 176
207 667 275
464 925 478
776 201 710
548 629 321
418 822 653
313 407 672
706 404 480
685 769 574
782 745 241
785 671 224
714 365 832
856 897 778
171 462 976
211 742 611
709 131 573
856 777 626
515 279 177
953 113 300
327 908 460
700 832 173
647 711 491
939 361 153
870 978 796
688 342 409
718 241 655
527 961 784
843 823 412
609 518 167
840 854 911
956 642 444
604 195 916
462 472 273
415 331 787
680 406 316
367 699 749
952 133 668
1000 714 637
429 980 970
217 493 955
652 807 312
948 325 390
755 596 352
998 887 583
641 111 696
608 976 417
155 172 546
815 674 846
260 495 297
758 868 442
565 368 973
287 789 495
866 104 465
266 336 974
718 101 713
346 148 489
921 769 690
482 925 216
180 785 637
955 288 844
729 897 194
984 374 128
305 479 321
182 718 720
358 218 946
442 882 836
420 582 437
557 903 351
384 964 505
179 126 757
624 260 793
252 555 673
747 809 885
446 964 882
312 847 558
604 166 799
