1000
905 321 177
774 554 977
281 587 407
556 148 743
856 106 110
971 247 192
775 767 871
949 409 803
885 884 280
583 254 737
192 703 668
304 997 629
919 341 774
452 149 462
449 555 530
708 734 813
438 807 276
566 649 533
731 942 384
581 489 158
255 198 140
870 975 811
469 350 552
273 331 134
889 211 547
546 489 409
887 934 891
284 695 716
617 558 957
597 581 105
760 650 300
295 910 111
833 398 754
390 238 884
788 769 712
739 873 520
859 823 991
222 688 839
120 720 895
598 464 936
203 982 270
856 796 158
269 484 410
821 408 550
526 884 185
585 647 167
584 313 755
648 665 480
337 436 551
428 965 175
485 131 576
756 717 398
158 232 651
233 442 619
982 159 198
935 588 648
323 612 618
418 763 869
289 198 414
537 940 146
240 178 387
501 663 794
818 834 831
142 812 918
894 884 515
489 813 989
688 956 727
329 966 436
977 696 138
293 400 339
909 271 575
802 199 831
759 307 471
150 962 834
975 487 390
982 862 150
698 262 924
601 153 709
386 503 123
153 452 445
105 772 798
285 829 687
403 290 320
829 129 648
493 983 978
465 517 896
644 785 956
332 594 949
168 502 592
139 531 872
300 882 993
382 775 992
770 890 324
449 520 605
396 656 599
411 631 609
762 184 699
919 780 417
470 825 395
688 720 621
141 217 209
476 286 506
674 643 446
928 798 175
236 232 707
151 833 358
498 158 648
545 258 682
349 716 477
972 349 656
437 309 528
875 351 513
489 600 219
786 153 809
142 247 666
929 764 472
486 477 688
441 733 985
745 951 980
927 557 245
933 933 980
751 644 528
485 296 573
294 722 593
172 227 247
822 172 598
779 192 648
725 901 124
758 262 870
577 264 405
216 301 890
443 245 795
519 154 119
539 369 658
264 880 970
707 365 480
326 102 828
588 321 647
389 234 653
197 230 579
365 168 222
561 280 949
150 987 816
604 769 630
976 619 776
481 904 271
104 624 323
792 819 114
715 657 969
483 619 485
425 917 853
301 483 682
803 762 127
331 999 180
537 385 140
291 463 533
284 557 963
140 718 625
725 282 260
668 145 560
218 493 579
578 166 134
509 889 672
878 875 138
589 684 973
400 863 371
621 777 848
781 575 577
264 398 692
779 701 391
868 300 983
126 324 354
649 456 722
864 702 989
928 356 407
535 800 220
823 930 326
160 802 778
206 892 143
252 590 221
440 977 880
694 966 418
238 787 916
400 114 182
468 549 664
441 113 316
871 484 352
106 473 471
202 465 610
250 920 713
298 711 705
339 973 610
946 249 439
927 337 210
997 510 902
683 551 123
916 985 431
110 997 855
619 248 962
223 471 474
342 835 101
153 510 530
688 540 104
270 319 763
751 549 861
457 383 824
657 370 567
211 357 461
399 505 692
744 768 301
965 191 639
817 815 944
957 102 876
895 543 461
473 614 409
890 754 175
338 222 849
802 720 275
372 761 554
733 205 516
723 206 372
388 217 160
702 744 620
853 503 149
664 199 987
448 412 702
878 573 396
321 308 190
903 476 267
989 711 150
742 178 947
223 130 178
314 345 693
987 445 515
307 310 956
851 337 920
794 969 305
708 854 887
634 173 682
838 277 204
224 189 379
327 374 987
560 765 943
242 753 561
226 425 970
187 758 182
300 130 912
270 209 500
180 987 133
365 846 926
704 345 378
477 427 346
611 931 842
899 239 539
870 780 998
330 136 680
319 666 341
506 538 369
985 526 444
813 331 263
538 702 858
596 523 766
591 442 449
695 457 503
785 217 101
507 979 390
632 882 908
204 939 398
429 115 807
847 791 812
736 743 961
882 607 942
586 468 807
372 110 605
119 192 597
225 189 365
656 768 477
336 145 416
288 355 959
642 457 912
935 602 694
887 208 789
152 783 555
658 608 990
988 723 302
854 516 811
683 700 932
397 263 599
505 851 103
950 596 609
389 483 910
622 704 716
877 310 148
313 876 646
910 328 787
746 358 719
155 641 547
707 828 959
710 731 641
710 425 713
253 805 661
525 127 460
629 994 627
724 895 487
218 681 900
617 979 341
629 863 538
480 487 342
874 550 102
272 951 703
469 712 627
668 194 748
714 560 571
106 402 622
131 263 384
264 607 146
873 635 935
324 313 794
873 808 239
599 919 342
456 547 163
201 900 401
303 415 142
669 881 158
348 751 464
807 696 723
299 349 316
374 742 911
128 908 223
690 828 517
635 582 110
629 137 474
293 797 325
830 328 989
423 864 253
516 115 678
775 566 926
266 377 342
177 980 100
520 996 316
764 483 388
398 475 673
429 385 360
852 961 438
232 377 387
241 734 800
897 622 916
968 343 158
847 564 872
782 625 845
127 200 332
191 936 417
941 510 488
899 694 260
373 328 893
336 1000 100
473 491 934
556 566 956
655 749 406
602 640 764
944 495 403
116 111 217
966 642 165
164 682 833
684 784 996
287 972 475
410 608 878
701 731 172
584 481 368
137 858 204
929 737 461
816 241 389
566 371 864
218 101 394
621 475 947
883 517 955
412 450 815
854 973 264
716 746 283
895 455 451
145 747 613
564 880 592
734 847 659
144 671 208
368 635 607
253 887 289
975 271 562
609 665 168
835 789 307
636 466 736
708 262 661
165 598 135
589 493 249
325 397 611
894 533 972
603 514 729
480 428 445
473 939 607
916 642 848
456 369 925
427 645 317
453 391 168
788 865 953
992 148 451
329 142 477
996 929 885
595 546 859
329 888 653
370 186 241
755 806 828
153 847 617
735 868 347
143 161 623
931 179 662
375 175 623
634 716 346
242 548 796
553 472 644
507 475 984
404 269 473
215 888 442
981 861 474
233 287 597
243 267 517
384 585 941
699 268 701
807 746 345
359 476 309
782 486 334
484 328 375
862 168 738
771 520 422
773 560 890
432 135 153
331 577 425
927 350 748
134 124 958
588 699 284
774 212 160
161 116 397
594 275 896
430 336 941
514 994 576
189 782 282
371 944 692
281 926 219
746 995 235
601 620 171
890 741 409
983 230 462
546 889 344
682 844 236
522 544 158
511 496 295
303 573 988
320 185 790
215 190 262
223 703 750
162 295 623
694 112 533
189 870 405
750 760 243
128 378 447
294 248 794
140 886 172
681 880 792
908 215 748
848 865 710
828 325 276
836 174 115
939 673 470
115 363 832
278 265 111
668 269 406
452 681 425
626 912 913
821 140 574
937 959 577
843 539 514
170 600 990
667 590 875
732 564 530
488 674 374
925 102 923
105 458 871
723 612 734
820 813 308
401 695 453
962 789 257
139 894 931
837 141 283
106 429 106
697 750 201
734 164 102
618 327 467
443 272 249
942 836 653
328 442 989
529 205 476
413 891 243
992 548 528
570 804 264
974 400 354
456 718 431
279 908 329
982 158 139
475 419 288
420 670 983
166 349 622
449 428 527
540 956 524
486 567 607
538 864 967
506 470 453
290 811 324
100 483 747
408 921 837
906 833 645
108 805 115
287 463 125
522 719 267
699 442 182
726 905 423
374 666 994
439 957 702
874 285 660
425 987 499
179 131 710
116 314 624
982 692 603
970 665 335
536 259 883
423 814 695
711 282 716
946 467 366
908 949 846
958 693 520
867 117 800
857 694 760
998 284 190
690 722 575
127 223 894
139 290 960
618 786 920
101 443 453
979 500 599
551 556 936
368 438 666
786 800 859
228 956 174
271 831 468
359 426 305
534 119 217
133 575 945
941 237 469
913 945 831
470 681 456
380 394 740
834 135 944
679 318 738
315 472 405
880 122 632
429 584 321
493 618 693
489 470 157
488 238 398
690 475 377
175 565 543
795 509 427
522 402 985
124 994 470
567 293 674
123 894 196
991 875 527
892 401 762
388 561 948
405 137 292
463 685 315
812 702 787
489 673 988
327 658 819
426 978 910
431 539 792
926 138 407
167 510 768
310 139 897
591 398 210
919 649 625
225 292 636
769 918 398
473 478 563
968 873 248
632 694 328
255 634 182
647 186 326
236 334 202
455 494 732
832 221 705
505 797 689
149 728 928
219 726 629
871 123 379
455 737 781
122 101 228
484 559 507
893 632 364
519 692 209
222 436 535
684 187 440
418 341 621
264 987 177
833 159 317
944 215 332
208 360 425
355 687 827
253 709 989
553 102 302
467 612 858
965 174 815
158 326 739
210 588 530
274 454 902
845 130 164
520 250 156
915 483 756
801 254 887
178 271 818
455 956 842
551 658 542
113 235 987
453 854 970
115 299 136
599 118 538
867 367 846
404 126 459
255 622 135
148 945 143
156 634 569
999 899 458
152 760 285
912 431 858
327 268 339
299 399 782
718 160 951
308 126 785
258 364 490
246 689 169
792 474 957
765 148 729
204 961 759
309 810 208
776 447 144
666 876 111
229 803 561
894 531 491
149 584 388
665 599 339
152 768 257
111 472 999
200 844 767
134 974 315
442 533 927
495 192 580
200 161 578
625 607 461
456 624 354
833 973 584
789 577 831
510 818 471
392 733 997
916 703 407
303 884 101
102 186 240
179 463 273
721 456 160
930 595 634
564 729 490
215 654 813
599 273 489
761 389 470
553 354 300
992 672 100
955 993 352
410 343 944
903 926 951
155 886 103
407 906 981
451 971 288
510 699 757
593 696 933
928 639 514
928 538 701
797 928 548
271 304 119
139 880 997
289 962 551
161 202 353
131 251 537
646 419 544
711 888 754
281 209 505
437 440 280
217 956 267
576 688 747
709 677 853
159 799 718
102 844 228
867 251 695
861 373 568
598 969 187
449 795 910
789 960 142
709 107 387
657 876 847
330 672 305
712 823 176
767 717 786
536 357 675
320 889 667
698 683 948
829 470 420
626 337 939
560 778 960
267 558 659
172 832 899
456 907 677
382 623 380
973 272 812
182 849 259
625 136 191
926 268 412
537 672 777
807 516 942
428 375 866
431 521 944
705 689 997
356 218 343
490 342 301
580 459 643
817 914 749
113 962 766
593 284 977
445 129 320
494 716 859
804 134 878
988 865 873
622 589 806
378 263 396
115 256 997
920 523 724
403 688 685
690 704 814
232 980 374
773 578 751
974 509 175
841 394 600
851 841 237
553 566 699
197 183 711
901 820 704
478 151 310
142 225 953
144 767 954
336 169 473
987 244 858
117 544 348
912 881 101
798 805 350
389 733 257
591 126 475
635 771 501
383 958 601
292 483 219
213 308 361
501 398 799
408 782 926
369 938 859
156 526 500
545 268 759
500 952 857
421 394 769
610 414 928
733 324 503
548 200 565
378 545 920
174 243 205
296 810 136
520 632 715
698 454 636
110 990 713
650 687 854
782 353 538
705 751 313
564 210 771
330 280 122
695 984 754
927 566 934
185 863 685
103 488 464
599 666 576
434 254 798
421 179 756
466 126 318
629 104 473
101 809 726
274 391 753
823 528 977
909 447 216
338 533 175
125 106 908
324 732 463
426 339 419
607 884 795
745 790 602
483 821 411
607 139 775
781 494 446
468 911 116
200 128 438
928 895 319
521 688 552
580 235 610
798 707 736
948 403 729
707 456 440
296 319 237
802 643 422
945 350 629
327 182 275
560 551 601
607 372 846
506 134 473
867 586 978
213 755 110
720 891 337
451 546 725
437 506 161
429 274 823
413 595 297
521 334 666
660 915 371
253 629 179
513 869 335
742 715 584
214 777 524
650 829 853
640 675 788
838 658 138
995 739 867
997 614 959
726 128 440
166 368 930
106 234 211
651 961 384
641 492 806
201 244 725
392 988 988
690 589 237
280 283 964
256 647 120
759 491 220
620 833 670
416 658 785
984 181 613
911 752 228
891 219 551
427 201 559
634 311 481
208 931 210
385 165 638
324 808 356
800 221 639
781 511 610
742 960 262
648 731 603
249 614 496
305 560 689
857 998 469
509 905 171
703 533 373
650 134 355
753 882 371
687 592 318
268 687 625
739 502 219
116 476 682
468 441 536
902 539 622
855 983 943
529 713 209
375 714 695
243 373 453
152 260 394
657 377 278
534 803 398
467 132 298
941 162 268
355 588 320
948 897 198
996 840 904
231 309 807
678 961 573
984 511 235
521 457 884
119 713 436
560 975 594
616 713 187
257 773 253
476 862 519
943 929 473
114 139 504
524 665 139
891 464 704
469 653 219
123 712 253
979 321 649
104 215 540
118 658 223
134 462 712
838 153 957
875 630 626
283 974 540
964 501 900
269 995 939
184 871 395
672 637 865
909 402 862
378 210 200
318 299 397
914 575 514
754 841 950
557 506 172
118 477 261
988 575 824
245 180 795
244 950 675
502 772 697
770 925 891
641 150 187
903 915 695
944 710 847
472 156 426
910 905 622
744 684 389
732 598 266
626 355 236
611 135 873
635 321 737
337 665 289
609 773 901
714 914 289
597 896 426
288 536 393
341 977 160
627 857 280
966 308 856
646 179 459
920 540 316
274 112 282
212 642 233
909 830 269
668 813 621
999 101 182
215 626 788
845 696 560
478 415 245
397 508 829
683 354 982
252 859 364
559 882 875
717 482 484
657 848 120
592 283 909
811 307 541
927 113 792
105 914 709
870 701 573
574 523 225
460 678 362
592 374 161
977 442 506
331 917 909
865 284 510
929 507 576
743 766 358
567 676 943
551 793 884
913 952 965
926 471 691
869 467 457
862 957 774
793 250 933
481 770 215
471 388 620
395 143 419
776 854 799
526 866 767
800 576 598
233 187 837
548 197 171
